# Monitor 2D Intensity, Format: matrix  (weight):   50 bins: y/cm   50 bins: y-divergence/deg
# Data y        F(x,y)
               -4.9000      -4.7000      -4.5000      -4.3000      -4.1000      -3.9000      -3.7000      -3.5000      -3.3000      -3.1000      -2.9000      -2.7000      -2.5000      -2.3000      -2.1000      -1.9000      -1.7000      -1.5000      -1.3000      -1.1000      -0.9000      -0.7000      -0.5000      -0.3000      -0.1000       0.1000       0.3000       0.5000       0.7000       0.9000       1.1000       1.3000       1.5000       1.7000       1.9000       2.1000       2.3000       2.5000       2.7000       2.9000       3.1000       3.3000       3.5000       3.7000       3.9000       4.1000       4.3000       4.5000       4.7000       4.9000
   -2.4500   0.00000e+00  5.65507e+00  1.42597e+01  3.28054e+01  6.34675e+01  7.47932e+01  7.59059e+01  9.96794e+01  0.00000e+00  3.09550e+01  1.07277e+02  0.00000e+00  0.00000e+00  0.00000e+00  0.00000e+00  0.00000e+00  0.00000e+00  0.00000e+00  0.00000e+00  0.00000e+00  0.00000e+00  0.00000e+00  0.00000e+00  0.00000e+00  0.00000e+00  0.00000e+00  0.00000e+00  0.00000e+00  0.00000e+00  0.00000e+00  0.00000e+00  0.00000e+00  0.00000e+00  0.00000e+00  0.00000e+00  0.00000e+00  0.00000e+00  0.00000e+00  0.00000e+00  0.00000e+00  0.00000e+00  0.00000e+00  0.00000e+00  0.00000e+00  0.00000e+00  0.00000e+00  0.00000e+00  0.00000e+00  0.00000e+00  0.00000e+00 
   -2.3500   0.00000e+00  0.00000e+00  3.24976e+01  9.29454e+01  1.43418e+01  0.00000e+00  2.03977e+00  1.81112e+00  1.12172e+02  5.75674e+01  2.14614e+02  5.00889e+02  5.56453e+00  0.00000e+00  0.00000e+00  0.00000e+00  0.00000e+00  0.00000e+00  0.00000e+00  0.00000e+00  0.00000e+00  0.00000e+00  0.00000e+00  0.00000e+00  0.00000e+00  0.00000e+00  0.00000e+00  0.00000e+00  0.00000e+00  0.00000e+00  0.00000e+00  0.00000e+00  0.00000e+00  0.00000e+00  0.00000e+00  0.00000e+00  0.00000e+00  0.00000e+00  0.00000e+00  0.00000e+00  0.00000e+00  0.00000e+00  0.00000e+00  0.00000e+00  0.00000e+00  0.00000e+00  0.00000e+00  0.00000e+00  0.00000e+00  0.00000e+00 
   -2.2500   0.00000e+00  0.00000e+00  2.56768e+01  1.67862e+02  1.57022e+01  7.00997e+01  1.87243e+02  2.27144e+01  1.35802e+02  1.97023e+02  4.52534e+01  1.04197e+02  8.05894e+01  9.00556e+02  1.10792e+03  3.62268e+00  0.00000e+00  0.00000e+00  0.00000e+00  0.00000e+00  0.00000e+00  0.00000e+00  0.00000e+00  0.00000e+00  0.00000e+00  0.00000e+00  0.00000e+00  0.00000e+00  0.00000e+00  0.00000e+00  0.00000e+00  0.00000e+00  0.00000e+00  0.00000e+00  0.00000e+00  0.00000e+00  0.00000e+00  0.00000e+00  0.00000e+00  0.00000e+00  0.00000e+00  0.00000e+00  0.00000e+00  0.00000e+00  0.00000e+00  0.00000e+00  0.00000e+00  0.00000e+00  0.00000e+00  0.00000e+00 
   -2.1500   0.00000e+00  0.00000e+00  0.00000e+00  5.69560e+01  1.66221e+02  1.96119e+02  5.21034e-01  1.62281e+00  3.13626e+00  1.30370e+02  1.54421e+02  2.55625e+02  3.77911e+02  1.00633e+03  5.19482e+02  6.21818e+02  2.87742e+02  5.33053e+01  4.22194e-02  0.00000e+00  0.00000e+00  0.00000e+00  0.00000e+00  0.00000e+00  0.00000e+00  0.00000e+00  0.00000e+00  0.00000e+00  0.00000e+00  0.00000e+00  0.00000e+00  0.00000e+00  0.00000e+00  0.00000e+00  0.00000e+00  0.00000e+00  0.00000e+00  0.00000e+00  0.00000e+00  0.00000e+00  0.00000e+00  0.00000e+00  0.00000e+00  0.00000e+00  0.00000e+00  0.00000e+00  0.00000e+00  0.00000e+00  0.00000e+00  0.00000e+00 
   -2.0500   0.00000e+00  0.00000e+00  0.00000e+00  5.45496e+01  5.12472e+01  1.27579e+02  5.07441e+01  2.84578e+02  2.88132e+02  3.33965e+02  8.53766e+02  3.37138e+01  7.28426e+02  2.55168e+02  1.84994e+02  5.55393e+02  1.00522e+03  8.01182e+02  6.14066e+01  1.02201e+03  6.49558e+02  8.58998e+01  0.00000e+00  0.00000e+00  0.00000e+00  0.00000e+00  0.00000e+00  0.00000e+00  0.00000e+00  0.00000e+00  0.00000e+00  0.00000e+00  0.00000e+00  0.00000e+00  0.00000e+00  0.00000e+00  0.00000e+00  0.00000e+00  0.00000e+00  0.00000e+00  0.00000e+00  0.00000e+00  0.00000e+00  0.00000e+00  0.00000e+00  0.00000e+00  0.00000e+00  0.00000e+00  0.00000e+00  0.00000e+00 
   -1.9500   0.00000e+00  0.00000e+00  0.00000e+00  0.00000e+00  2.10727e+02  1.36695e+02  1.49846e+01  1.13407e+02  1.66245e+02  3.77729e+02  1.07114e+02  3.25395e+02  1.12071e+03  1.92820e+01  5.18801e+01  6.45915e+02  1.20455e+03  1.11628e+03  2.56140e+02  2.37296e+01  3.45031e+01  1.83723e+03  1.07993e+03  2.11368e+02  0.00000e+00  0.00000e+00  0.00000e+00  0.00000e+00  0.00000e+00  0.00000e+00  0.00000e+00  0.00000e+00  0.00000e+00  0.00000e+00  0.00000e+00  0.00000e+00  0.00000e+00  0.00000e+00  0.00000e+00  0.00000e+00  0.00000e+00  0.00000e+00  0.00000e+00  0.00000e+00  0.00000e+00  0.00000e+00  0.00000e+00  0.00000e+00  0.00000e+00  0.00000e+00 
   -1.8500   0.00000e+00  0.00000e+00  0.00000e+00  0.00000e+00  2.22844e+01  1.76924e+02  1.71290e+01  1.85760e+02  6.14830e+02  5.09487e+02  1.86057e+02  3.00619e+02  3.62502e+02  1.06841e+03  5.57494e+02  1.19238e+03  3.97794e+02  1.07668e+03  9.95389e+02  2.38184e+03  1.01062e+03  9.62010e+02  5.39623e+02  9.18966e+02  1.93987e+01  4.66674e+02  7.56310e+02  0.00000e+00  0.00000e+00  0.00000e+00  0.00000e+00  0.00000e+00  0.00000e+00  0.00000e+00  0.00000e+00  0.00000e+00  0.00000e+00  0.00000e+00  0.00000e+00  0.00000e+00  0.00000e+00  0.00000e+00  0.00000e+00  0.00000e+00  0.00000e+00  0.00000e+00  0.00000e+00  0.00000e+00  0.00000e+00  0.00000e+00 
   -1.7500   0.00000e+00  0.00000e+00  0.00000e+00  0.00000e+00  4.74932e+01  1.30659e+02  6.48942e+01  1.55609e+02  4.28836e+02  2.99076e+02  3.92830e+02  1.02082e+03  7.86088e+02  8.06705e+02  1.89912e+02  1.66040e+03  2.11594e+02  1.82599e+03  3.94296e+02  1.37880e+03  1.45777e+03  3.18798e+02  2.93489e+02  3.20669e+03  1.93372e+03  1.21773e+03  9.49057e+01  3.84442e+01  7.67735e+02  0.00000e+00  0.00000e+00  0.00000e+00  0.00000e+00  0.00000e+00  0.00000e+00  0.00000e+00  0.00000e+00  0.00000e+00  0.00000e+00  0.00000e+00  0.00000e+00  0.00000e+00  0.00000e+00  0.00000e+00  0.00000e+00  0.00000e+00  0.00000e+00  0.00000e+00  0.00000e+00  0.00000e+00 
   -1.6500   0.00000e+00  0.00000e+00  0.00000e+00  0.00000e+00  0.00000e+00  6.08004e+02  2.72197e+02  3.83520e+02  3.54335e+02  6.02749e+02  1.58851e+03  1.87123e+02  3.32201e+02  1.22855e+03  6.07789e+02  7.59399e+02  1.93448e+03  1.42989e+03  1.69473e+03  1.22315e+03  5.80463e+02  7.44592e+02  1.47566e+03  2.22894e+03  2.26357e+03  7.66823e+02  2.01368e+02  5.06542e+01  3.45350e+01  1.52922e+02  0.00000e+00  0.00000e+00  0.00000e+00  0.00000e+00  0.00000e+00  0.00000e+00  0.00000e+00  0.00000e+00  0.00000e+00  0.00000e+00  0.00000e+00  0.00000e+00  0.00000e+00  0.00000e+00  0.00000e+00  0.00000e+00  0.00000e+00  0.00000e+00  0.00000e+00  0.00000e+00 
   -1.5500   0.00000e+00  0.00000e+00  0.00000e+00  0.00000e+00  0.00000e+00  2.08054e+02  6.62297e+02  3.77401e+02  5.19862e+02  5.42068e+02  4.79325e+02  4.93620e+02  1.99564e+03  8.06552e+02  2.66266e+03  1.14975e+03  1.02543e+03  8.67694e+02  1.31888e+03  3.61902e+03  2.86840e+03  2.41386e+03  1.35580e+03  1.84283e+03  6.52966e+02  8.81491e+02  2.29741e+03  2.81611e+03  1.39332e+03  2.13682e+03  4.52584e+02  0.00000e+00  0.00000e+00  0.00000e+00  0.00000e+00  0.00000e+00  0.00000e+00  0.00000e+00  0.00000e+00  0.00000e+00  0.00000e+00  0.00000e+00  0.00000e+00  0.00000e+00  0.00000e+00  0.00000e+00  0.00000e+00  0.00000e+00  0.00000e+00  0.00000e+00 
   -1.4500   0.00000e+00  0.00000e+00  0.00000e+00  0.00000e+00  0.00000e+00  0.00000e+00  3.95902e+02  4.39535e+02  4.56006e+02  7.31802e+02  5.11225e+02  9.30034e+02  6.16279e+02  1.45480e+03  1.13533e+03  9.36866e+02  1.68288e+03  1.78377e+03  3.40395e+03  3.32260e+03  2.00295e+03  8.80645e+02  9.76974e+02  1.71718e+03  4.73782e+03  1.61220e+03  4.87777e+03  2.19583e+03  3.19003e+03  1.25338e+03  4.49248e+03  2.28235e+02  0.00000e+00  0.00000e+00  0.00000e+00  0.00000e+00  0.00000e+00  0.00000e+00  0.00000e+00  0.00000e+00  0.00000e+00  0.00000e+00  0.00000e+00  0.00000e+00  0.00000e+00  0.00000e+00  0.00000e+00  0.00000e+00  0.00000e+00  0.00000e+00 
   -1.3500   0.00000e+00  0.00000e+00  0.00000e+00  0.00000e+00  0.00000e+00  0.00000e+00  4.28119e+01  6.00921e+02  9.22759e+02  1.58269e+03  8.87303e+02  7.83931e+02  2.01808e+03  1.51009e+03  1.96242e+03  2.13960e+03  2.07156e+03  2.51315e+03  1.53120e+03  2.83230e+03  1.75870e+03  1.99375e+03  4.12226e+03  4.09915e+03  4.34803e+03  8.08864e+03  5.42578e+03  3.99258e+03  2.08731e+03  9.24086e+02  2.32090e+03  4.13349e+01  0.00000e+00  0.00000e+00  0.00000e+00  0.00000e+00  0.00000e+00  0.00000e+00  0.00000e+00  0.00000e+00  0.00000e+00  0.00000e+00  0.00000e+00  0.00000e+00  0.00000e+00  0.00000e+00  0.00000e+00  0.00000e+00  0.00000e+00  0.00000e+00 
   -1.2500   0.00000e+00  0.00000e+00  0.00000e+00  0.00000e+00  0.00000e+00  0.00000e+00  0.00000e+00  2.93751e+02  6.31220e+02  1.16502e+03  6.33234e+02  1.62252e+03  1.30918e+03  2.74559e+03  1.20626e+03  1.27731e+03  1.59259e+03  4.25293e+03  3.84888e+03  4.62444e+03  1.32438e+03  1.74353e+03  3.05394e+03  3.19064e+03  2.36885e+03  1.86145e+03  1.42903e+03  2.58209e+03  2.77579e+03  1.17767e+03  2.07993e+03  1.66085e+02  0.00000e+00  0.00000e+00  0.00000e+00  0.00000e+00  0.00000e+00  0.00000e+00  0.00000e+00  0.00000e+00  0.00000e+00  0.00000e+00  0.00000e+00  0.00000e+00  0.00000e+00  0.00000e+00  0.00000e+00  0.00000e+00  0.00000e+00  0.00000e+00 
   -1.1500   0.00000e+00  0.00000e+00  0.00000e+00  0.00000e+00  0.00000e+00  0.00000e+00  0.00000e+00  6.25217e+02  8.50349e+02  1.06291e+03  9.10088e+02  2.00806e+03  1.97238e+03  1.48062e+03  1.25472e+03  4.10024e+03  4.05647e+03  2.53288e+03  1.87518e+03  1.94152e+03  2.83719e+03  1.74976e+03  3.41828e+03  2.44111e+02  2.74309e+03  4.34389e+03  4.14558e+03  3.83659e+03  1.27987e+03  1.72576e+03  3.05804e+03  4.43257e+03  8.04388e+01  0.00000e+00  0.00000e+00  0.00000e+00  0.00000e+00  0.00000e+00  0.00000e+00  0.00000e+00  0.00000e+00  0.00000e+00  0.00000e+00  0.00000e+00  0.00000e+00  0.00000e+00  0.00000e+00  0.00000e+00  0.00000e+00  0.00000e+00 
   -1.0500   0.00000e+00  0.00000e+00  0.00000e+00  0.00000e+00  0.00000e+00  0.00000e+00  0.00000e+00  1.66753e-02  5.15339e+02  8.16693e+02  5.41825e+02  2.67165e+03  1.92028e+03  2.26976e+03  1.86137e+03  3.80872e+03  1.64373e+03  1.84994e+03  1.35074e+03  3.50379e+03  2.73042e+03  5.61250e+03  5.07983e+03  3.73609e+03  3.52986e+03  1.95625e+03  1.84483e+03  2.01826e+03  2.47917e+03  3.21699e+03  3.35338e+03  2.96997e+03  3.49186e+03  0.00000e+00  0.00000e+00  0.00000e+00  0.00000e+00  0.00000e+00  0.00000e+00  0.00000e+00  0.00000e+00  0.00000e+00  0.00000e+00  0.00000e+00  0.00000e+00  0.00000e+00  0.00000e+00  0.00000e+00  0.00000e+00  0.00000e+00 
   -0.9500   0.00000e+00  0.00000e+00  0.00000e+00  0.00000e+00  0.00000e+00  0.00000e+00  0.00000e+00  0.00000e+00  2.14483e+02  1.62494e+03  1.94613e+03  2.81590e+03  1.65172e+03  2.13172e+03  1.80731e+03  1.27116e+03  2.64670e+03  1.66535e+03  4.35428e+03  2.84150e+03  2.87594e+03  3.77613e+03  2.55429e+03  3.25993e+03  1.73336e+03  6.54626e+03  2.55252e+03  2.01717e+03  2.57360e+03  3.07279e+03  4.98585e+02  1.59137e+03  6.37523e+02  2.93495e+02  0.00000e+00  0.00000e+00  0.00000e+00  0.00000e+00  0.00000e+00  0.00000e+00  0.00000e+00  0.00000e+00  0.00000e+00  0.00000e+00  0.00000e+00  0.00000e+00  0.00000e+00  0.00000e+00  0.00000e+00  0.00000e+00 
   -0.8500   0.00000e+00  0.00000e+00  0.00000e+00  0.00000e+00  0.00000e+00  0.00000e+00  0.00000e+00  0.00000e+00  1.92374e+02  1.65115e+03  1.43909e+03  1.28343e+03  2.13623e+03  2.88239e+03  2.16872e+03  2.27576e+03  6.82592e+03  2.19254e+03  5.11806e+03  2.74206e+03  1.95001e+03  6.36052e+03  5.04627e+03  3.50249e+03  3.20652e+03  5.52554e+03  6.66288e+03  4.06650e+03  4.14028e+03  4.07635e+03  2.26501e+03  1.45342e+03  3.06797e+03  6.73978e+02  0.00000e+00  0.00000e+00  0.00000e+00  0.00000e+00  0.00000e+00  0.00000e+00  0.00000e+00  0.00000e+00  0.00000e+00  0.00000e+00  0.00000e+00  0.00000e+00  0.00000e+00  0.00000e+00  0.00000e+00  0.00000e+00 
   -0.7500   0.00000e+00  0.00000e+00  0.00000e+00  0.00000e+00  0.00000e+00  0.00000e+00  0.00000e+00  0.00000e+00  0.00000e+00  9.50460e+02  1.89758e+03  1.89306e+03  1.46266e+03  3.88771e+03  4.28020e+03  5.00575e+03  2.92413e+03  2.57555e+03  4.50637e+03  7.34251e+03  7.51470e+03  3.27907e+03  3.74450e+03  4.85220e+03  3.86771e+03  4.40739e+03  1.84050e+03  3.43155e+03  3.01356e+03  4.62833e+03  2.30624e+03  5.23403e+03  4.27508e+03  2.93566e+03  3.53982e+02  0.00000e+00  0.00000e+00  0.00000e+00  0.00000e+00  0.00000e+00  0.00000e+00  0.00000e+00  0.00000e+00  0.00000e+00  0.00000e+00  0.00000e+00  0.00000e+00  0.00000e+00  0.00000e+00  0.00000e+00 
   -0.6500   0.00000e+00  0.00000e+00  0.00000e+00  0.00000e+00  0.00000e+00  0.00000e+00  0.00000e+00  0.00000e+00  0.00000e+00  4.09738e+02  1.83848e+03  3.53709e+03  3.67731e+03  2.23459e+03  1.84390e+03  3.75428e+03  2.76784e+03  6.41305e+03  4.28638e+03  4.47891e+03  6.89703e+03  3.99041e+03  2.87101e+03  5.24835e+03  4.65949e+03  7.23508e+03  3.34104e+03  5.58809e+03  8.04928e+03  4.91791e+03  2.32794e+03  1.21429e+03  3.14287e+03  1.38501e+03  2.86819e+03  0.00000e+00  0.00000e+00  0.00000e+00  0.00000e+00  0.00000e+00  0.00000e+00  0.00000e+00  0.00000e+00  0.00000e+00  0.00000e+00  0.00000e+00  0.00000e+00  0.00000e+00  0.00000e+00  0.00000e+00 
   -0.5500   0.00000e+00  0.00000e+00  0.00000e+00  0.00000e+00  0.00000e+00  0.00000e+00  0.00000e+00  0.00000e+00  0.00000e+00  0.00000e+00  1.62701e+03  3.05259e+03  3.04709e+03  1.72841e+03  2.46775e+03  1.33005e+03  5.83937e+03  2.93981e+03  9.92120e+03  3.50139e+03  5.04554e+03  3.08355e+03  6.99133e+03  7.14671e+03  4.42160e+03  4.17799e+03  9.37585e+03  1.64121e+03  4.25896e+03  4.77774e+03  5.55099e+03  8.12001e+03  2.98822e+03  3.32689e+03  2.03185e+03  4.78094e+02  0.00000e+00  0.00000e+00  0.00000e+00  0.00000e+00  0.00000e+00  0.00000e+00  0.00000e+00  0.00000e+00  0.00000e+00  0.00000e+00  0.00000e+00  0.00000e+00  0.00000e+00  0.00000e+00 
   -0.4500   0.00000e+00  0.00000e+00  0.00000e+00  0.00000e+00  0.00000e+00  0.00000e+00  0.00000e+00  0.00000e+00  0.00000e+00  0.00000e+00  8.40244e+02  2.33651e+03  4.07919e+03  1.21574e+03  4.59721e+03  5.20975e+03  1.47889e+03  3.91308e+03  6.69372e+03  7.69410e+03  6.49891e+03  7.46794e+03  8.15120e+03  4.96536e+03  6.69873e+03  8.22447e+03  5.29422e+03  7.38759e+03  8.65629e+03  3.61388e+03  2.88263e+03  2.29017e+03  1.51151e+03  4.23326e+03  2.81450e+03  1.36302e+03  0.00000e+00  0.00000e+00  0.00000e+00  0.00000e+00  0.00000e+00  0.00000e+00  0.00000e+00  0.00000e+00  0.00000e+00  0.00000e+00  0.00000e+00  0.00000e+00  0.00000e+00  0.00000e+00 
   -0.3500   0.00000e+00  0.00000e+00  0.00000e+00  0.00000e+00  0.00000e+00  0.00000e+00  0.00000e+00  0.00000e+00  0.00000e+00  0.00000e+00  4.65624e+00  1.14178e+03  2.40521e+03  3.76986e+03  4.30873e+03  2.80551e+03  3.66900e+03  2.54599e+03  4.10661e+03  2.94715e+03  5.65294e+03  4.11740e+03  8.59510e+03  7.34820e+03  9.15096e+03  6.22656e+03  4.01088e+03  8.81960e+03  5.22251e+03  5.38239e+03  2.02681e+03  3.49224e+03  3.76601e+03  2.48939e+03  3.31541e+03  3.70146e+03  2.40999e+02  0.00000e+00  0.00000e+00  0.00000e+00  0.00000e+00  0.00000e+00  0.00000e+00  0.00000e+00  0.00000e+00  0.00000e+00  0.00000e+00  0.00000e+00  0.00000e+00  0.00000e+00 
   -0.2500   0.00000e+00  0.00000e+00  0.00000e+00  0.00000e+00  0.00000e+00  0.00000e+00  0.00000e+00  0.00000e+00  0.00000e+00  0.00000e+00  0.00000e+00  1.95711e+03  4.27472e+03  3.62332e+03  2.41773e+03  3.02364e+03  3.44747e+03  4.79991e+03  7.39916e+03  4.46897e+03  8.45354e+03  4.88589e+03  1.08560e+04  7.14754e+03  7.49397e+03  9.31085e+03  6.83392e+03  4.44816e+03  4.61373e+03  8.74862e+03  3.00449e+03  5.23506e+03  4.52517e+03  6.61845e+03  1.75459e+03  2.80924e+03  1.07419e+03  0.00000e+00  0.00000e+00  0.00000e+00  0.00000e+00  0.00000e+00  0.00000e+00  0.00000e+00  0.00000e+00  0.00000e+00  0.00000e+00  0.00000e+00  0.00000e+00  0.00000e+00 
   -0.1500   0.00000e+00  0.00000e+00  0.00000e+00  0.00000e+00  0.00000e+00  0.00000e+00  0.00000e+00  0.00000e+00  0.00000e+00  0.00000e+00  0.00000e+00  1.63104e+02  3.85170e+03  3.65846e+03  3.12874e+03  1.99358e+03  3.95260e+03  5.54920e+03  3.51033e+03  2.40263e+03  7.46115e+03  6.72146e+03  6.86028e+03  6.08086e+03  1.02497e+04  6.08861e+03  7.43017e+03  4.31827e+03  6.09049e+03  6.06777e+03  4.93428e+03  6.11559e+03  4.85682e+03  6.66687e+03  2.37896e+03  1.97071e+03  2.97673e+03  0.00000e+00  0.00000e+00  0.00000e+00  0.00000e+00  0.00000e+00  0.00000e+00  0.00000e+00  0.00000e+00  0.00000e+00  0.00000e+00  0.00000e+00  0.00000e+00  0.00000e+00 
   -0.0500   0.00000e+00  0.00000e+00  0.00000e+00  0.00000e+00  0.00000e+00  0.00000e+00  0.00000e+00  0.00000e+00  0.00000e+00  0.00000e+00  0.00000e+00  0.00000e+00  1.66156e+03  2.28672e+02  2.48769e+03  7.60865e+03  5.63433e+03  6.41437e+03  9.48525e+03  7.25085e+03  4.52835e+03  7.89633e+03  1.52106e+04  4.73278e+03  1.20666e+04  7.31708e+03  4.37841e+03  2.12492e+03  2.59468e+03  4.65749e+03  6.39738e+03  5.32576e+03  5.90056e+03  5.15953e+03  4.35118e+03  3.65785e+03  2.60824e+03  3.44817e+02  0.00000e+00  0.00000e+00  0.00000e+00  0.00000e+00  0.00000e+00  0.00000e+00  0.00000e+00  0.00000e+00  0.00000e+00  0.00000e+00  0.00000e+00  0.00000e+00 
    0.0500   0.00000e+00  0.00000e+00  0.00000e+00  0.00000e+00  0.00000e+00  0.00000e+00  0.00000e+00  0.00000e+00  0.00000e+00  0.00000e+00  0.00000e+00  0.00000e+00  4.19483e+02  2.32344e+03  3.10354e+03  1.42262e+03  1.97326e+03  7.45174e+03  4.51715e+03  5.01011e+03  6.79482e+03  6.76449e+03  8.30452e+03  6.52785e+03  5.92711e+03  5.11495e+03  7.23659e+03  8.59248e+03  6.15727e+03  5.96961e+03  5.04346e+03  5.78138e+03  4.75867e+03  8.57628e+03  5.48809e+03  5.21144e+03  3.55467e+03  1.26588e+03  0.00000e+00  0.00000e+00  0.00000e+00  0.00000e+00  0.00000e+00  0.00000e+00  0.00000e+00  0.00000e+00  0.00000e+00  0.00000e+00  0.00000e+00  0.00000e+00 
    0.1500   0.00000e+00  0.00000e+00  0.00000e+00  0.00000e+00  0.00000e+00  0.00000e+00  0.00000e+00  0.00000e+00  0.00000e+00  0.00000e+00  0.00000e+00  0.00000e+00  0.00000e+00  1.14682e+03  2.13383e+03  3.57933e+03  3.24949e+03  4.14866e+03  5.06100e+03  7.14212e+03  6.23054e+03  3.55852e+03  1.02923e+04  8.45229e+03  3.55454e+03  5.81249e+03  7.33604e+03  6.12790e+03  5.35381e+03  5.15035e+03  5.53505e+03  4.22688e+03  3.97825e+03  5.23136e+03  2.12200e+03  4.50503e+03  2.88977e+03  2.61686e+03  9.72958e+01  0.00000e+00  0.00000e+00  0.00000e+00  0.00000e+00  0.00000e+00  0.00000e+00  0.00000e+00  0.00000e+00  0.00000e+00  0.00000e+00  0.00000e+00 
    0.2500   0.00000e+00  0.00000e+00  0.00000e+00  0.00000e+00  0.00000e+00  0.00000e+00  0.00000e+00  0.00000e+00  0.00000e+00  0.00000e+00  0.00000e+00  0.00000e+00  0.00000e+00  1.98867e+02  2.45620e+03  1.50709e+03  3.42774e+03  3.74712e+03  5.98102e+03  8.50879e+03  3.69611e+03  5.02625e+03  6.77480e+03  8.48615e+03  5.77088e+03  6.88067e+03  7.20426e+03  6.28512e+03  6.24315e+03  6.22122e+03  5.92710e+03  2.82846e+03  6.76669e+03  8.66886e+03  1.79409e+03  3.54787e+03  4.26835e+03  3.27486e+03  1.75000e+03  0.00000e+00  0.00000e+00  0.00000e+00  0.00000e+00  0.00000e+00  0.00000e+00  0.00000e+00  0.00000e+00  0.00000e+00  0.00000e+00  0.00000e+00 
    0.3500   0.00000e+00  0.00000e+00  0.00000e+00  0.00000e+00  0.00000e+00  0.00000e+00  0.00000e+00  0.00000e+00  0.00000e+00  0.00000e+00  0.00000e+00  0.00000e+00  0.00000e+00  0.00000e+00  3.82142e+03  2.37850e+03  2.33610e+03  1.20387e+03  4.58008e+03  3.84319e+03  4.25134e+03  7.70330e+03  5.82976e+03  8.58733e+03  4.23214e+03  7.95467e+03  8.88167e+03  5.04319e+03  4.61841e+03  7.20891e+03  1.11353e+04  8.63604e+03  3.25711e+03  2.40721e+03  3.57085e+03  5.12245e+03  3.87789e+03  4.26523e+03  2.61350e+03  9.33129e+01  0.00000e+00  0.00000e+00  0.00000e+00  0.00000e+00  0.00000e+00  0.00000e+00  0.00000e+00  0.00000e+00  0.00000e+00  0.00000e+00 
    0.4500   0.00000e+00  0.00000e+00  0.00000e+00  0.00000e+00  0.00000e+00  0.00000e+00  0.00000e+00  0.00000e+00  0.00000e+00  0.00000e+00  0.00000e+00  0.00000e+00  0.00000e+00  0.00000e+00  1.28950e+03  2.07508e+03  4.20129e+03  4.67503e+03  4.90074e+03  2.89156e+03  5.81986e+03  5.45416e+03  7.37128e+03  9.88848e+03  8.84467e+03  1.20870e+04  7.52445e+03  8.22840e+03  5.36079e+03  6.67880e+03  7.12257e+03  3.86013e+03  7.59343e+03  7.16262e+03  5.22878e+03  4.08368e+03  3.75538e+03  5.25065e+03  2.58229e+03  1.08934e+03  0.00000e+00  0.00000e+00  0.00000e+00  0.00000e+00  0.00000e+00  0.00000e+00  0.00000e+00  0.00000e+00  0.00000e+00  0.00000e+00 
    0.5500   0.00000e+00  0.00000e+00  0.00000e+00  0.00000e+00  0.00000e+00  0.00000e+00  0.00000e+00  0.00000e+00  0.00000e+00  0.00000e+00  0.00000e+00  0.00000e+00  0.00000e+00  0.00000e+00  2.73478e+02  2.44233e+03  2.35037e+03  1.90085e+03  2.74577e+03  1.12859e+03  3.51721e+03  3.70509e+03  8.65231e+03  8.78432e+03  6.80033e+03  4.75411e+03  3.56447e+03  5.03322e+03  8.86054e+03  7.49226e+03  4.88513e+03  6.36714e+03  8.80663e+03  3.42777e+03  1.85527e+03  4.02621e+03  4.12085e+03  3.60439e+03  3.06787e+03  2.04393e+03  0.00000e+00  0.00000e+00  0.00000e+00  0.00000e+00  0.00000e+00  0.00000e+00  0.00000e+00  0.00000e+00  0.00000e+00  0.00000e+00 
    0.6500   0.00000e+00  0.00000e+00  0.00000e+00  0.00000e+00  0.00000e+00  0.00000e+00  0.00000e+00  0.00000e+00  0.00000e+00  0.00000e+00  0.00000e+00  0.00000e+00  0.00000e+00  0.00000e+00  0.00000e+00  1.80938e+03  1.41403e+03  2.70672e+03  1.04939e+03  4.01809e+03  4.18729e+03  3.58390e+03  1.52902e+03  2.83540e+03  2.62660e+03  5.68066e+03  7.89258e+03  6.00274e+03  2.91382e+03  3.41971e+03  5.69868e+03  5.12199e+03  8.68769e+02  5.92864e+03  5.89123e+03  8.10418e+03  8.33577e+03  3.39058e+03  4.39969e+03  3.68651e+03  7.47858e+02  0.00000e+00  0.00000e+00  0.00000e+00  0.00000e+00  0.00000e+00  0.00000e+00  0.00000e+00  0.00000e+00  0.00000e+00 
    0.7500   0.00000e+00  0.00000e+00  0.00000e+00  0.00000e+00  0.00000e+00  0.00000e+00  0.00000e+00  0.00000e+00  0.00000e+00  0.00000e+00  0.00000e+00  0.00000e+00  0.00000e+00  0.00000e+00  0.00000e+00  0.00000e+00  3.62160e+03  3.64506e+03  3.81697e+03  8.42030e+02  4.12226e+03  2.33082e+03  3.76778e+03  4.82592e+03  5.59504e+03  2.87616e+03  4.42262e+03  7.47344e+03  5.44056e+03  6.87588e+03  6.33381e+03  3.77095e+03  2.33439e+03  4.02979e+03  7.88043e+03  4.01123e+03  4.78825e+03  2.92350e+03  2.81343e+03  1.50703e+03  1.40250e+03  0.00000e+00  0.00000e+00  0.00000e+00  0.00000e+00  0.00000e+00  0.00000e+00  0.00000e+00  0.00000e+00  0.00000e+00 
    0.8500   0.00000e+00  0.00000e+00  0.00000e+00  0.00000e+00  0.00000e+00  0.00000e+00  0.00000e+00  0.00000e+00  0.00000e+00  0.00000e+00  0.00000e+00  0.00000e+00  0.00000e+00  0.00000e+00  0.00000e+00  0.00000e+00  8.69227e+02  1.82674e+03  2.04589e+03  5.01166e+03  2.82897e+03  3.80467e+03  2.03801e+03  6.00840e+03  3.04350e+03  2.57493e+03  7.33343e+03  3.59078e+03  3.09573e+03  2.79954e+03  7.72253e+03  6.13932e+03  8.35338e+03  4.32742e+03  6.00992e+03  6.32574e+03  4.65618e+03  5.22807e+03  3.49731e+03  4.45572e+03  4.02652e+03  8.13260e+01  0.00000e+00  0.00000e+00  0.00000e+00  0.00000e+00  0.00000e+00  0.00000e+00  0.00000e+00  0.00000e+00 
    0.9500   0.00000e+00  0.00000e+00  0.00000e+00  0.00000e+00  0.00000e+00  0.00000e+00  0.00000e+00  0.00000e+00  0.00000e+00  0.00000e+00  0.00000e+00  0.00000e+00  0.00000e+00  0.00000e+00  0.00000e+00  0.00000e+00  2.36427e+02  2.02938e+03  2.28820e+03  3.08489e+03  2.02592e+03  3.69928e+03  4.15225e+03  6.71393e+03  6.57729e+03  4.29348e+03  5.41356e+03  9.37297e+02  1.44793e+03  4.27413e+03  4.25876e+03  4.60419e+03  3.36034e+03  6.28767e+03  2.80664e+03  4.45819e+03  3.60393e+03  1.58385e+03  2.71944e+03  2.63912e+03  1.71107e+03  1.24761e+03  0.00000e+00  0.00000e+00  0.00000e+00  0.00000e+00  0.00000e+00  0.00000e+00  0.00000e+00  0.00000e+00 
    1.0500   0.00000e+00  0.00000e+00  0.00000e+00  0.00000e+00  0.00000e+00  0.00000e+00  0.00000e+00  0.00000e+00  0.00000e+00  0.00000e+00  0.00000e+00  0.00000e+00  0.00000e+00  0.00000e+00  0.00000e+00  0.00000e+00  0.00000e+00  7.20921e+02  1.58751e+03  1.42431e+03  8.99773e+02  4.64506e+02  3.12152e+03  1.08401e+03  3.51902e+03  2.07752e+03  2.64461e+03  3.38258e+03  5.78444e+03  4.98993e+03  2.10176e+03  4.01985e+03  7.12517e+03  4.69708e+03  5.35626e+03  4.57955e+03  2.36684e+03  3.06063e+03  2.52172e+03  3.23866e+03  1.15397e+03  6.24465e+02  1.61929e+02  0.00000e+00  0.00000e+00  0.00000e+00  0.00000e+00  0.00000e+00  0.00000e+00  0.00000e+00 
    1.1500   0.00000e+00  0.00000e+00  0.00000e+00  0.00000e+00  0.00000e+00  0.00000e+00  0.00000e+00  0.00000e+00  0.00000e+00  0.00000e+00  0.00000e+00  0.00000e+00  0.00000e+00  0.00000e+00  0.00000e+00  0.00000e+00  0.00000e+00  1.58931e+03  2.68824e+02  1.11043e+03  1.33030e+03  1.74329e+03  1.86505e+03  2.07544e+03  3.52724e+03  1.23590e+03  2.90173e+03  2.65050e+03  1.99184e+03  4.19305e+03  4.48243e+03  2.98193e+03  3.64986e+03  3.32630e+03  3.58431e+03  3.52129e+03  2.55153e+03  3.24727e+03  4.29898e+03  2.48214e+03  2.60734e+03  1.93489e+03  9.75527e+02  0.00000e+00  0.00000e+00  0.00000e+00  0.00000e+00  0.00000e+00  0.00000e+00  0.00000e+00 
    1.2500   0.00000e+00  0.00000e+00  0.00000e+00  0.00000e+00  0.00000e+00  0.00000e+00  0.00000e+00  0.00000e+00  0.00000e+00  0.00000e+00  0.00000e+00  0.00000e+00  0.00000e+00  0.00000e+00  0.00000e+00  0.00000e+00  0.00000e+00  0.00000e+00  1.58227e+03  1.58781e+03  1.08018e+02  1.35505e+03  2.80981e+03  1.68887e+03  1.80747e+03  2.98809e+03  3.10549e+03  5.03131e+03  3.46991e+03  5.95714e+03  2.98923e+03  4.17982e+03  2.89634e+03  2.49350e+03  2.83505e+03  2.83408e+03  2.17822e+03  2.85378e+03  2.70793e+03  2.70074e+03  1.23743e+03  1.00014e+03  1.51171e+03  6.56257e+00  0.00000e+00  0.00000e+00  0.00000e+00  0.00000e+00  0.00000e+00  0.00000e+00 
    1.3500   0.00000e+00  0.00000e+00  0.00000e+00  0.00000e+00  0.00000e+00  0.00000e+00  0.00000e+00  0.00000e+00  0.00000e+00  0.00000e+00  0.00000e+00  0.00000e+00  0.00000e+00  0.00000e+00  0.00000e+00  0.00000e+00  0.00000e+00  0.00000e+00  4.92950e+02  2.06244e+02  6.50836e+02  7.04642e+02  1.89388e+03  9.35204e+02  2.91947e+03  9.29777e+02  1.92844e+03  9.09706e+02  3.62258e+03  1.99836e+03  4.75771e+03  7.29459e+02  1.44492e+03  3.06965e+03  1.67529e+03  2.19530e+03  2.92759e+03  4.06168e+03  1.00456e+03  2.14303e+03  6.87360e+02  1.10160e+03  7.53808e+02  4.30445e+02  0.00000e+00  0.00000e+00  0.00000e+00  0.00000e+00  0.00000e+00  0.00000e+00 
    1.4500   0.00000e+00  0.00000e+00  0.00000e+00  0.00000e+00  0.00000e+00  0.00000e+00  0.00000e+00  0.00000e+00  0.00000e+00  0.00000e+00  0.00000e+00  0.00000e+00  0.00000e+00  0.00000e+00  0.00000e+00  0.00000e+00  0.00000e+00  0.00000e+00  0.00000e+00  1.36055e+03  2.24001e+03  7.45774e+02  1.01604e+03  1.12165e+03  4.87623e+02  1.90443e+03  2.55676e+03  1.35225e+03  5.02708e+02  2.92277e+03  1.99756e+03  2.60261e+03  2.19177e+03  2.77143e+03  1.94923e+03  8.45838e+02  3.02966e+03  6.94777e+02  6.06719e+02  2.28774e+03  2.84180e+03  1.60277e+03  1.19393e+03  1.08697e+03  0.00000e+00  0.00000e+00  0.00000e+00  0.00000e+00  0.00000e+00  0.00000e+00 
    1.5500   0.00000e+00  0.00000e+00  0.00000e+00  0.00000e+00  0.00000e+00  0.00000e+00  0.00000e+00  0.00000e+00  0.00000e+00  0.00000e+00  0.00000e+00  0.00000e+00  0.00000e+00  0.00000e+00  0.00000e+00  0.00000e+00  0.00000e+00  0.00000e+00  0.00000e+00  0.00000e+00  0.00000e+00  0.00000e+00  1.06678e+03  1.95009e+01  3.22697e+02  9.65938e+01  3.81435e+03  1.09198e+03  2.09168e+03  1.10081e+03  9.16642e+02  1.26245e+03  2.33976e+03  1.97211e+03  2.11299e+03  6.89774e+02  2.92008e+03  3.61824e+03  8.07187e+02  2.36771e+02  1.75190e+03  1.18856e+03  8.57590e+02  9.39186e+02  2.13829e+02  0.00000e+00  0.00000e+00  0.00000e+00  0.00000e+00  0.00000e+00 
    1.6500   0.00000e+00  0.00000e+00  0.00000e+00  0.00000e+00  0.00000e+00  0.00000e+00  0.00000e+00  0.00000e+00  0.00000e+00  0.00000e+00  0.00000e+00  0.00000e+00  0.00000e+00  0.00000e+00  0.00000e+00  0.00000e+00  0.00000e+00  0.00000e+00  0.00000e+00  0.00000e+00  0.00000e+00  0.00000e+00  0.00000e+00  0.00000e+00  0.00000e+00  9.57856e+02  6.14112e+02  1.23802e+03  2.77384e+03  6.00424e+03  1.85651e+03  4.66750e+02  2.83530e+03  1.67014e+03  2.24713e+03  1.81309e+03  2.42340e+03  2.41786e+03  6.66496e+02  1.00570e+03  1.54781e+03  1.20446e+03  1.78386e+03  1.24733e+03  3.07217e+02  0.00000e+00  0.00000e+00  0.00000e+00  0.00000e+00  0.00000e+00 
    1.7500   0.00000e+00  0.00000e+00  0.00000e+00  0.00000e+00  0.00000e+00  0.00000e+00  0.00000e+00  0.00000e+00  0.00000e+00  0.00000e+00  0.00000e+00  0.00000e+00  0.00000e+00  0.00000e+00  0.00000e+00  0.00000e+00  0.00000e+00  0.00000e+00  0.00000e+00  0.00000e+00  0.00000e+00  0.00000e+00  0.00000e+00  0.00000e+00  0.00000e+00  0.00000e+00  0.00000e+00  7.64142e+02  9.58358e+02  3.26988e+02  1.86667e+03  7.68587e+02  8.67345e+02  1.09070e+03  1.23121e+03  8.66042e+02  1.45200e+03  1.40280e+03  6.22537e+02  1.58309e+03  3.35879e+02  7.11393e+02  4.45274e+02  8.14305e+02  6.38741e+02  5.19131e+01  0.00000e+00  0.00000e+00  0.00000e+00  0.00000e+00 
    1.8500   0.00000e+00  0.00000e+00  0.00000e+00  0.00000e+00  0.00000e+00  0.00000e+00  0.00000e+00  0.00000e+00  0.00000e+00  0.00000e+00  0.00000e+00  0.00000e+00  0.00000e+00  0.00000e+00  0.00000e+00  0.00000e+00  0.00000e+00  0.00000e+00  0.00000e+00  0.00000e+00  0.00000e+00  0.00000e+00  0.00000e+00  0.00000e+00  0.00000e+00  0.00000e+00  0.00000e+00  0.00000e+00  0.00000e+00  0.00000e+00  0.00000e+00  1.32732e+03  3.07160e+03  2.29283e+03  3.23529e+02  4.24933e+01  1.06262e+03  2.30397e+03  4.04054e+02  1.51828e+03  7.90437e+01  2.39911e+03  1.06201e+02  2.68155e+02  3.75892e+02  6.47866e+02  0.00000e+00  0.00000e+00  0.00000e+00  0.00000e+00 
    1.9500   0.00000e+00  0.00000e+00  0.00000e+00  0.00000e+00  0.00000e+00  0.00000e+00  0.00000e+00  0.00000e+00  0.00000e+00  0.00000e+00  0.00000e+00  0.00000e+00  0.00000e+00  0.00000e+00  0.00000e+00  0.00000e+00  0.00000e+00  0.00000e+00  0.00000e+00  0.00000e+00  0.00000e+00  0.00000e+00  0.00000e+00  0.00000e+00  0.00000e+00  0.00000e+00  0.00000e+00  0.00000e+00  0.00000e+00  0.00000e+00  0.00000e+00  0.00000e+00  3.03402e+01  1.45058e+03  3.05817e+02  5.13466e+02  2.56926e+03  5.93138e+02  1.93371e+02  5.41200e+02  7.32605e+02  5.04502e+01  6.55071e+01  9.56339e+02  4.00940e+02  3.85000e+02  2.11438e+00  0.00000e+00  0.00000e+00  0.00000e+00 
    2.0500   0.00000e+00  0.00000e+00  0.00000e+00  0.00000e+00  0.00000e+00  0.00000e+00  0.00000e+00  0.00000e+00  0.00000e+00  0.00000e+00  0.00000e+00  0.00000e+00  0.00000e+00  0.00000e+00  0.00000e+00  0.00000e+00  0.00000e+00  0.00000e+00  0.00000e+00  0.00000e+00  0.00000e+00  0.00000e+00  0.00000e+00  0.00000e+00  0.00000e+00  0.00000e+00  0.00000e+00  0.00000e+00  0.00000e+00  0.00000e+00  0.00000e+00  0.00000e+00  0.00000e+00  0.00000e+00  0.00000e+00  2.32040e+02  1.21258e+01  3.45375e+02  4.86462e+02  1.53364e+03  9.13451e+00  3.39089e+01  1.31434e+02  9.03978e+02  4.92653e+01  1.72713e+02  1.37663e+02  0.00000e+00  0.00000e+00  0.00000e+00 
    2.1500   0.00000e+00  0.00000e+00  0.00000e+00  0.00000e+00  0.00000e+00  0.00000e+00  0.00000e+00  0.00000e+00  0.00000e+00  0.00000e+00  0.00000e+00  0.00000e+00  0.00000e+00  0.00000e+00  0.00000e+00  0.00000e+00  0.00000e+00  0.00000e+00  0.00000e+00  0.00000e+00  0.00000e+00  0.00000e+00  0.00000e+00  0.00000e+00  0.00000e+00  0.00000e+00  0.00000e+00  0.00000e+00  0.00000e+00  0.00000e+00  0.00000e+00  0.00000e+00  0.00000e+00  0.00000e+00  0.00000e+00  0.00000e+00  0.00000e+00  0.00000e+00  0.00000e+00  9.02030e+00  1.84920e+01  5.31696e+02  3.42527e+02  2.71820e+01  7.00086e+01  3.14857e+02  1.11252e+02  0.00000e+00  0.00000e+00  0.00000e+00 
    2.2500   0.00000e+00  0.00000e+00  0.00000e+00  0.00000e+00  0.00000e+00  0.00000e+00  0.00000e+00  0.00000e+00  0.00000e+00  0.00000e+00  0.00000e+00  0.00000e+00  0.00000e+00  0.00000e+00  0.00000e+00  0.00000e+00  0.00000e+00  0.00000e+00  0.00000e+00  0.00000e+00  0.00000e+00  0.00000e+00  0.00000e+00  0.00000e+00  0.00000e+00  0.00000e+00  0.00000e+00  0.00000e+00  0.00000e+00  0.00000e+00  0.00000e+00  0.00000e+00  0.00000e+00  0.00000e+00  0.00000e+00  0.00000e+00  0.00000e+00  0.00000e+00  0.00000e+00  0.00000e+00  0.00000e+00  8.44640e+00  4.78499e+01  1.72968e+02  1.64921e-03  1.08214e+02  2.00086e+02  4.52004e+01  0.00000e+00  0.00000e+00 
    2.3500   0.00000e+00  0.00000e+00  0.00000e+00  0.00000e+00  0.00000e+00  0.00000e+00  0.00000e+00  0.00000e+00  0.00000e+00  0.00000e+00  0.00000e+00  0.00000e+00  0.00000e+00  0.00000e+00  0.00000e+00  0.00000e+00  0.00000e+00  0.00000e+00  0.00000e+00  0.00000e+00  0.00000e+00  0.00000e+00  0.00000e+00  0.00000e+00  0.00000e+00  0.00000e+00  0.00000e+00  0.00000e+00  0.00000e+00  0.00000e+00  0.00000e+00  0.00000e+00  0.00000e+00  0.00000e+00  0.00000e+00  0.00000e+00  0.00000e+00  0.00000e+00  0.00000e+00  0.00000e+00  0.00000e+00  0.00000e+00  0.00000e+00  0.00000e+00  1.36565e+02  3.95836e+01  3.24361e+02  1.12371e+02  0.00000e+00  0.00000e+00 
    2.4500   0.00000e+00  0.00000e+00  0.00000e+00  0.00000e+00  0.00000e+00  0.00000e+00  0.00000e+00  0.00000e+00  0.00000e+00  0.00000e+00  0.00000e+00  0.00000e+00  0.00000e+00  0.00000e+00  0.00000e+00  0.00000e+00  0.00000e+00  0.00000e+00  0.00000e+00  0.00000e+00  0.00000e+00  0.00000e+00  0.00000e+00  0.00000e+00  0.00000e+00  0.00000e+00  0.00000e+00  0.00000e+00  0.00000e+00  0.00000e+00  0.00000e+00  0.00000e+00  0.00000e+00  0.00000e+00  0.00000e+00  0.00000e+00  0.00000e+00  0.00000e+00  0.00000e+00  0.00000e+00  0.00000e+00  0.00000e+00  0.00000e+00  0.00000e+00  0.00000e+00  0.00000e+00  4.86287e+01  0.00000e+00  2.07060e+00  0.00000e+00