0,0,0,0,0,1.98328643763
0,0,1,0,0,1.58328643763
0,0,2,0,0,1.26328643763
0,0,3,0,0,1.02328643763
0,0,4,0,0,0.863286437627
0,0,5,0,0,0.783286437627
0,0,6,0,0,0.783286437627
0,0,7,0,0,0.863286437627
0,0,8,0,0,1.02328643763
0,0,9,0,0,1.26328643763
0,0,10,0,0,1.58328643763
0,1,0,0,0,1.75687515251
0,1,1,0,0,1.35687515251
0,1,2,0,0,1.03687515251
0,1,3,0,0,0.796875152513
0,1,4,0,0,0.636875152513
0,1,5,0,0,0.556875152513
0,1,6,0,0,0.556875152513
0,1,7,0,0,0.636875152513
0,1,8,0,0,0.796875152513
0,1,9,0,0,1.03687515251
0,1,10,0,0,1.35687515251
0,2,0,0,0,1.59130962103
0,2,1,0,0,1.19130962103
0,2,2,0,0,0.871309621031
0,2,3,0,0,0.631309621031
0,2,4,0,0,0.471309621031
0,2,5,0,0,0.391309621031
0,2,6,0,0,0.391309621031
0,2,7,0,0,0.471309621031
0,2,8,0,0,0.631309621031
0,2,9,0,0,0.871309621031
0,2,10,0,0,1.19130962103
0,3,0,0,0,1.48046703857
0,3,1,0,0,1.08046703857
0,3,2,0,0,0.760467038573
0,3,3,0,0,0.520467038573
0,3,4,0,0,0.360467038573
0,3,5,0,0,0.280467038573
0,3,6,0,0,0.280467038573
0,3,7,0,0,0.360467038573
0,3,8,0,0,0.520467038573
0,3,9,0,0,0.760467038573
0,3,10,0,0,1.08046703857
0,4,0,0,0,1.41769609728
0,4,1,0,0,1.01769609728
0,4,2,0,0,0.697696097281
0,4,3,0,0,0.457696097281
0,4,4,0,0,0.297696097281
0,4,5,0,0,0.217696097281
0,4,6,0,0,0.217696097281
0,4,7,0,0,0.297696097281
0,4,8,0,0,0.457696097281
0,4,9,0,0,0.697696097281
0,4,10,0,0,1.01769609728
0,5,0,0,0,1.3975
0,5,1,0,0,0.9975
0,5,2,0,0,0.6775
0,5,3,0,0,0.4375
0,5,4,0,0,0.2775
0,5,5,0,0,0.1975
0,5,6,0,0,0.1975
0,5,7,0,0,0.2775
0,5,8,0,0,0.4375
0,5,9,0,0,0.6775
0,5,10,0,0,0.9975
0,6,0,0,0,1.41769609728
0,6,1,0,0,1.01769609728
0,6,2,0,0,0.697696097281
0,6,3,0,0,0.457696097281
0,6,4,0,0,0.297696097281
0,6,5,0,0,0.217696097281
0,6,6,0,0,0.217696097281
0,6,7,0,0,0.297696097281
0,6,8,0,0,0.457696097281
0,6,9,0,0,0.697696097281
0,6,10,0,0,1.01769609728
0,7,0,0,0,1.48046703857
0,7,1,0,0,1.08046703857
0,7,2,0,0,0.760467038573
0,7,3,0,0,0.520467038573
0,7,4,0,0,0.360467038573
0,7,5,0,0,0.280467038573
0,7,6,0,0,0.280467038573
0,7,7,0,0,0.360467038573
0,7,8,0,0,0.520467038573
0,7,9,0,0,0.760467038573
0,7,10,0,0,1.08046703857
0,8,0,0,0,1.59130962103
0,8,1,0,0,1.19130962103
0,8,2,0,0,0.871309621031
0,8,3,0,0,0.631309621031
0,8,4,0,0,0.471309621031
0,8,5,0,0,0.391309621031
0,8,6,0,0,0.391309621031
0,8,7,0,0,0.471309621031
0,8,8,0,0,0.631309621031
0,8,9,0,0,0.871309621031
0,8,10,0,0,1.19130962103
0,9,0,0,0,1.75687515251
0,9,1,0,0,1.35687515251
0,9,2,0,0,1.03687515251
0,9,3,0,0,0.796875152513
0,9,4,0,0,0.636875152513
0,9,5,0,0,0.556875152513
0,9,6,0,0,0.556875152513
0,9,7,0,0,0.636875152513
0,9,8,0,0,0.796875152513
0,9,9,0,0,1.03687515251
0,9,10,0,0,1.35687515251
0,10,0,0,0,1.98328643763
0,10,1,0,0,1.58328643763
0,10,2,0,0,1.26328643763
0,10,3,0,0,1.02328643763
0,10,4,0,0,0.863286437627
0,10,5,0,0,0.783286437627
0,10,6,0,0,0.783286437627
0,10,7,0,0,0.863286437627
0,10,8,0,0,1.02328643763
0,10,9,0,0,1.26328643763
0,10,10,0,0,1.58328643763
1,0,0,0,0,1.75687515251
1,0,1,0,0,1.35687515251
1,0,2,0,0,1.03687515251
1,0,3,0,0,0.796875152513
1,0,4,0,0,0.636875152513
1,0,5,0,0,0.556875152513
1,0,6,0,0,0.556875152513
1,0,7,0,0,0.636875152513
1,0,8,0,0,0.796875152513
1,0,9,0,0,1.03687515251
1,0,10,0,0,1.35687515251
1,1,0,0,0,1.5461291501
1,1,1,0,0,1.1461291501
1,1,2,0,0,0.826129150102
1,1,3,0,0,0.586129150102
1,1,4,0,0,0.426129150102
1,1,5,0,0,0.346129150102
1,1,6,0,0,0.346129150102
1,1,7,0,0,0.426129150102
1,1,8,0,0,0.586129150102
1,1,9,0,0,0.826129150102
1,1,10,0,0,1.1461291501
1,2,0,0,0,1.3975
1,2,1,0,0,0.9975
1,2,2,0,0,0.6775
1,2,3,0,0,0.4375
1,2,4,0,0,0.2775
1,2,5,0,0,0.1975
1,2,6,0,0,0.1975
1,2,7,0,0,0.2775
1,2,8,0,0,0.4375
1,2,9,0,0,0.6775
1,2,10,0,0,0.9975
1,3,0,0,0,1.303072809
1,3,1,0,0,0.903072809
1,3,2,0,0,0.583072809
1,3,3,0,0,0.343072809
1,3,4,0,0,0.183072809
1,3,5,0,0,0.103072809
1,3,6,0,0,0.103072809
1,3,7,0,0,0.183072809
1,3,8,0,0,0.343072809
1,3,9,0,0,0.583072809
1,3,10,0,0,0.903072809
1,4,0,0,0,1.25287887488
1,4,1,0,0,0.852878874876
1,4,2,0,0,0.532878874876
1,4,3,0,0,0.292878874876
1,4,4,0,0,0.132878874876
1,4,5,0,0,0.0528788748765
1,4,6,0,0,0.0528788748765
1,4,7,0,0,0.132878874876
1,4,8,0,0,0.292878874876
1,4,9,0,0,0.532878874876
1,4,10,0,0,0.852878874876
1,5,0,0,0,1.2375
1,5,1,0,0,0.8375
1,5,2,0,0,0.5175
1,5,3,0,0,0.2775
1,5,4,0,0,0.1175
1,5,5,0,0,0.0375
1,5,6,0,0,0.0375
1,5,7,0,0,0.1175
1,5,8,0,0,0.2775
1,5,9,0,0,0.5175
1,5,10,0,0,0.8375
1,6,0,0,0,1.25287887488
1,6,1,0,0,0.852878874876
1,6,2,0,0,0.532878874876
1,6,3,0,0,0.292878874876
1,6,4,0,0,0.132878874876
1,6,5,0,0,0.0528788748765
1,6,6,0,0,0.0528788748765
1,6,7,0,0,0.132878874876
1,6,8,0,0,0.292878874876
1,6,9,0,0,0.532878874876
1,6,10,0,0,0.852878874876
1,7,0,0,0,1.303072809
1,7,1,0,0,0.903072809
1,7,2,0,0,0.583072809
1,7,3,0,0,0.343072809
1,7,4,0,0,0.183072809
1,7,5,0,0,0.103072809
1,7,6,0,0,0.103072809
1,7,7,0,0,0.183072809
1,7,8,0,0,0.343072809
1,7,9,0,0,0.583072809
1,7,10,0,0,0.903072809
1,8,0,0,0,1.3975
1,8,1,0,0,0.9975
1,8,2,0,0,0.6775
1,8,3,0,0,0.4375
1,8,4,0,0,0.2775
1,8,5,0,0,0.1975
1,8,6,0,0,0.1975
1,8,7,0,0,0.2775
1,8,8,0,0,0.4375
1,8,9,0,0,0.6775
1,8,10,0,0,0.9975
1,9,0,0,0,1.5461291501
1,9,1,0,0,1.1461291501
1,9,2,0,0,0.826129150102
1,9,3,0,0,0.586129150102
1,9,4,0,0,0.426129150102
1,9,5,0,0,0.346129150102
1,9,6,0,0,0.346129150102
1,9,7,0,0,0.426129150102
1,9,8,0,0,0.586129150102
1,9,9,0,0,0.826129150102
1,9,10,0,0,1.1461291501
1,10,0,0,0,1.75687515251
1,10,1,0,0,1.35687515251
1,10,2,0,0,1.03687515251
1,10,3,0,0,0.796875152513
1,10,4,0,0,0.636875152513
1,10,5,0,0,0.556875152513
1,10,6,0,0,0.556875152513
1,10,7,0,0,0.636875152513
1,10,8,0,0,0.796875152513
1,10,9,0,0,1.03687515251
1,10,10,0,0,1.35687515251
2,0,0,0,0,1.59130962103
2,0,1,0,0,1.19130962103
2,0,2,0,0,0.871309621031
2,0,3,0,0,0.631309621031
2,0,4,0,0,0.471309621031
2,0,5,0,0,0.391309621031
2,0,6,0,0,0.391309621031
2,0,7,0,0,0.471309621031
2,0,8,0,0,0.631309621031
2,0,9,0,0,0.871309621031
2,0,10,0,0,1.19130962103
2,1,0,0,0,1.3975
2,1,1,0,0,0.9975
2,1,2,0,0,0.6775
2,1,3,0,0,0.4375
2,1,4,0,0,0.2775
2,1,5,0,0,0.1975
2,1,6,0,0,0.1975
2,1,7,0,0,0.2775
2,1,8,0,0,0.4375
2,1,9,0,0,0.6775
2,1,10,0,0,0.9975
2,2,0,0,0,1.26897186258
2,2,1,0,0,0.868971862576
2,2,2,0,0,0.548971862576
2,2,3,0,0,0.308971862576
2,2,4,0,0,0.148971862576
2,2,5,0,0,0.0689718625761
2,2,6,0,0,0.0689718625761
2,2,7,0,0,0.148971862576
2,2,8,0,0,0.308971862576
2,2,9,0,0,0.548971862576
2,2,10,0,0,0.868971862576
2,3,0,0,0,1.19638974491
2,3,1,0,0,0.796389744907
2,3,2,0,0,0.476389744907
2,3,3,0,0,0.236389744907
2,3,4,0,0,0.0763897449072
2,3,5,0,0,-0.0036102550928
2,3,6,0,0,-0.0036102550928
2,3,7,0,0,0.0763897449072
2,3,8,0,0,0.236389744907
2,3,9,0,0,0.476389744907
2,3,10,0,0,0.796389744907
2,4,0,0,0,1.16504446797
2,4,1,0,0,0.765044467966
2,4,2,0,0,0.445044467966
2,4,3,0,0,0.205044467966
2,4,4,0,0,0.0450444679663
2,4,5,0,0,-0.0349555320337
2,4,6,0,0,-0.0349555320337
2,4,7,0,0,0.0450444679663
2,4,8,0,0,0.205044467966
2,4,9,0,0,0.445044467966
2,4,10,0,0,0.765044467966
2,5,0,0,0,1.1575
2,5,1,0,0,0.7575
2,5,2,0,0,0.4375
2,5,3,0,0,0.1975
2,5,4,0,0,0.0375
2,5,5,0,0,-0.0425
2,5,6,0,0,-0.0425
2,5,7,0,0,0.0375
2,5,8,0,0,0.1975
2,5,9,0,0,0.4375
2,5,10,0,0,0.7575
2,6,0,0,0,1.16504446797
2,6,1,0,0,0.765044467966
2,6,2,0,0,0.445044467966
2,6,3,0,0,0.205044467966
2,6,4,0,0,0.0450444679663
2,6,5,0,0,-0.0349555320337
2,6,6,0,0,-0.0349555320337
2,6,7,0,0,0.0450444679663
2,6,8,0,0,0.205044467966
2,6,9,0,0,0.445044467966
2,6,10,0,0,0.765044467966
2,7,0,0,0,1.19638974491
2,7,1,0,0,0.796389744907
2,7,2,0,0,0.476389744907
2,7,3,0,0,0.236389744907
2,7,4,0,0,0.0763897449072
2,7,5,0,0,-0.0036102550928
2,7,6,0,0,-0.0036102550928
2,7,7,0,0,0.0763897449072
2,7,8,0,0,0.236389744907
2,7,9,0,0,0.476389744907
2,7,10,0,0,0.796389744907
2,8,0,0,0,1.26897186258
2,8,1,0,0,0.868971862576
2,8,2,0,0,0.548971862576
2,8,3,0,0,0.308971862576
2,8,4,0,0,0.148971862576
2,8,5,0,0,0.0689718625761
2,8,6,0,0,0.0689718625761
2,8,7,0,0,0.148971862576
2,8,8,0,0,0.308971862576
2,8,9,0,0,0.548971862576
2,8,10,0,0,0.868971862576
2,9,0,0,0,1.3975
2,9,1,0,0,0.9975
2,9,2,0,0,0.6775
2,9,3,0,0,0.4375
2,9,4,0,0,0.2775
2,9,5,0,0,0.1975
2,9,6,0,0,0.1975
2,9,7,0,0,0.2775
2,9,8,0,0,0.4375
2,9,9,0,0,0.6775
2,9,10,0,0,0.9975
2,10,0,0,0,1.59130962103
2,10,1,0,0,1.19130962103
2,10,2,0,0,0.871309621031
2,10,3,0,0,0.631309621031
2,10,4,0,0,0.471309621031
2,10,5,0,0,0.391309621031
2,10,6,0,0,0.391309621031
2,10,7,0,0,0.471309621031
2,10,8,0,0,0.631309621031
2,10,9,0,0,0.871309621031
2,10,10,0,0,1.19130962103
3,0,0,0,0,1.48046703857
3,0,1,0,0,1.08046703857
3,0,2,0,0,0.760467038573
3,0,3,0,0,0.520467038573
3,0,4,0,0,0.360467038573
3,0,5,0,0,0.280467038573
3,0,6,0,0,0.280467038573
3,0,7,0,0,0.360467038573
3,0,8,0,0,0.520467038573
3,0,9,0,0,0.760467038573
3,0,10,0,0,1.08046703857
3,1,0,0,0,1.303072809
3,1,1,0,0,0.903072809
3,1,2,0,0,0.583072809
3,1,3,0,0,0.343072809
3,1,4,0,0,0.183072809
3,1,5,0,0,0.103072809
3,1,6,0,0,0.103072809
3,1,7,0,0,0.183072809
3,1,8,0,0,0.343072809
3,1,9,0,0,0.583072809
3,1,10,0,0,0.903072809
3,2,0,0,0,1.19638974491
3,2,1,0,0,0.796389744907
3,2,2,0,0,0.476389744907
3,2,3,0,0,0.236389744907
3,2,4,0,0,0.0763897449072
3,2,5,0,0,-0.0036102550928
3,2,6,0,0,-0.0036102550928
3,2,7,0,0,0.0763897449072
3,2,8,0,0,0.236389744907
3,2,9,0,0,0.476389744907
3,2,10,0,0,0.796389744907
3,3,0,0,0,1.15181457505
3,3,1,0,0,0.751814575051
3,3,2,0,0,0.431814575051
3,3,3,0,0,0.191814575051
3,3,4,0,0,0.0318145750508
3,3,5,0,0,-0.0481854249492
3,3,6,0,0,-0.0481854249492
3,3,7,0,0,0.0318145750508
3,3,8,0,0,0.191814575051
3,3,9,0,0,0.431814575051
3,3,10,0,0,0.751814575051
3,4,0,0,0,1.1502864045
3,4,1,0,0,0.7502864045
3,4,2,0,0,0.4302864045
3,4,3,0,0,0.1902864045
3,4,4,0,0,0.0302864045
3,4,5,0,0,-0.0497135955
3,4,6,0,0,-0.0497135955
3,4,7,0,0,0.0302864045
3,4,8,0,0,0.1902864045
3,4,9,0,0,0.4302864045
3,4,10,0,0,0.7502864045
3,5,0,0,0,1.1575
3,5,1,0,0,0.7575
3,5,2,0,0,0.4375
3,5,3,0,0,0.1975
3,5,4,0,0,0.0375
3,5,5,0,0,-0.0425
3,5,6,0,0,-0.0425
3,5,7,0,0,0.0375
3,5,8,0,0,0.1975
3,5,9,0,0,0.4375
3,5,10,0,0,0.7575
3,6,0,0,0,1.1502864045
3,6,1,0,0,0.7502864045
3,6,2,0,0,0.4302864045
3,6,3,0,0,0.1902864045
3,6,4,0,0,0.0302864045
3,6,5,0,0,-0.0497135955
3,6,6,0,0,-0.0497135955
3,6,7,0,0,0.0302864045
3,6,8,0,0,0.1902864045
3,6,9,0,0,0.4302864045
3,6,10,0,0,0.7502864045
3,7,0,0,0,1.15181457505
3,7,1,0,0,0.751814575051
3,7,2,0,0,0.431814575051
3,7,3,0,0,0.191814575051
3,7,4,0,0,0.0318145750508
3,7,5,0,0,-0.0481854249492
3,7,6,0,0,-0.0481854249492
3,7,7,0,0,0.0318145750508
3,7,8,0,0,0.191814575051
3,7,9,0,0,0.431814575051
3,7,10,0,0,0.751814575051
3,8,0,0,0,1.19638974491
3,8,1,0,0,0.796389744907
3,8,2,0,0,0.476389744907
3,8,3,0,0,0.236389744907
3,8,4,0,0,0.0763897449072
3,8,5,0,0,-0.0036102550928
3,8,6,0,0,-0.0036102550928
3,8,7,0,0,0.0763897449072
3,8,8,0,0,0.236389744907
3,8,9,0,0,0.476389744907
3,8,10,0,0,0.796389744907
3,9,0,0,0,1.303072809
3,9,1,0,0,0.903072809
3,9,2,0,0,0.583072809
3,9,3,0,0,0.343072809
3,9,4,0,0,0.183072809
3,9,5,0,0,0.103072809
3,9,6,0,0,0.103072809
3,9,7,0,0,0.183072809
3,9,8,0,0,0.343072809
3,9,9,0,0,0.583072809
3,9,10,0,0,0.903072809
3,10,0,0,0,1.48046703857
3,10,1,0,0,1.08046703857
3,10,2,0,0,0.760467038573
3,10,3,0,0,0.520467038573
3,10,4,0,0,0.360467038573
3,10,5,0,0,0.280467038573
3,10,6,0,0,0.280467038573
3,10,7,0,0,0.360467038573
3,10,8,0,0,0.520467038573
3,10,9,0,0,0.760467038573
3,10,10,0,0,1.08046703857
4,0,0,0,0,1.41769609728
4,0,1,0,0,1.01769609728
4,0,2,0,0,0.697696097281
4,0,3,0,0,0.457696097281
4,0,4,0,0,0.297696097281
4,0,5,0,0,0.217696097281
4,0,6,0,0,0.217696097281
4,0,7,0,0,0.297696097281
4,0,8,0,0,0.457696097281
4,0,9,0,0,0.697696097281
4,0,10,0,0,1.01769609728
4,1,0,0,0,1.25287887488
4,1,1,0,0,0.852878874876
4,1,2,0,0,0.532878874876
4,1,3,0,0,0.292878874876
4,1,4,0,0,0.132878874876
4,1,5,0,0,0.0528788748765
4,1,6,0,0,0.0528788748765
4,1,7,0,0,0.132878874876
4,1,8,0,0,0.292878874876
4,1,9,0,0,0.532878874876
4,1,10,0,0,0.852878874876
4,2,0,0,0,1.16504446797
4,2,1,0,0,0.765044467966
4,2,2,0,0,0.445044467966
4,2,3,0,0,0.205044467966
4,2,4,0,0,0.0450444679663
4,2,5,0,0,-0.0349555320337
4,2,6,0,0,-0.0349555320337
4,2,7,0,0,0.0450444679663
4,2,8,0,0,0.205044467966
4,2,9,0,0,0.445044467966
4,2,10,0,0,0.765044467966
4,3,0,0,0,1.1502864045
4,3,1,0,0,0.7502864045
4,3,2,0,0,0.4302864045
4,3,3,0,0,0.1902864045
4,3,4,0,0,0.0302864045
4,3,5,0,0,-0.0497135955
4,3,6,0,0,-0.0497135955
4,3,7,0,0,0.0302864045
4,3,8,0,0,0.1902864045
4,3,9,0,0,0.4302864045
4,3,10,0,0,0.7502864045
4,4,0,0,0,1.19465728753
4,4,1,0,0,0.794657287525
4,4,2,0,0,0.474657287525
4,4,3,0,0,0.234657287525
4,4,4,0,0,0.0746572875254
4,4,5,0,0,-0.00534271247462
4,4,6,0,0,-0.00534271247462
4,4,7,0,0,0.0746572875254
4,4,8,0,0,0.234657287525
4,4,9,0,0,0.474657287525
4,4,10,0,0,0.794657287525
4,5,0,0,0,1.2375
4,5,1,0,0,0.8375
4,5,2,0,0,0.5175
4,5,3,0,0,0.2775
4,5,4,0,0,0.1175
4,5,5,0,0,0.0375
4,5,6,0,0,0.0375
4,5,7,0,0,0.1175
4,5,8,0,0,0.2775
4,5,9,0,0,0.5175
4,5,10,0,0,0.8375
4,6,0,0,0,1.19465728753
4,6,1,0,0,0.794657287525
4,6,2,0,0,0.474657287525
4,6,3,0,0,0.234657287525
4,6,4,0,0,0.0746572875254
4,6,5,0,0,-0.00534271247462
4,6,6,0,0,-0.00534271247462
4,6,7,0,0,0.0746572875254
4,6,8,0,0,0.234657287525
4,6,9,0,0,0.474657287525
4,6,10,0,0,0.794657287525
4,7,0,0,0,1.1502864045
4,7,1,0,0,0.7502864045
4,7,2,0,0,0.4302864045
4,7,3,0,0,0.1902864045
4,7,4,0,0,0.0302864045
4,7,5,0,0,-0.0497135955
4,7,6,0,0,-0.0497135955
4,7,7,0,0,0.0302864045
4,7,8,0,0,0.1902864045
4,7,9,0,0,0.4302864045
4,7,10,0,0,0.7502864045
4,8,0,0,0,1.16504446797
4,8,1,0,0,0.765044467966
4,8,2,0,0,0.445044467966
4,8,3,0,0,0.205044467966
4,8,4,0,0,0.0450444679663
4,8,5,0,0,-0.0349555320337
4,8,6,0,0,-0.0349555320337
4,8,7,0,0,0.0450444679663
4,8,8,0,0,0.205044467966
4,8,9,0,0,0.445044467966
4,8,10,0,0,0.765044467966
4,9,0,0,0,1.25287887488
4,9,1,0,0,0.852878874876
4,9,2,0,0,0.532878874876
4,9,3,0,0,0.292878874876
4,9,4,0,0,0.132878874876
4,9,5,0,0,0.0528788748765
4,9,6,0,0,0.0528788748765
4,9,7,0,0,0.132878874876
4,9,8,0,0,0.292878874876
4,9,9,0,0,0.532878874876
4,9,10,0,0,0.852878874876
4,10,0,0,0,1.41769609728
4,10,1,0,0,1.01769609728
4,10,2,0,0,0.697696097281
4,10,3,0,0,0.457696097281
4,10,4,0,0,0.297696097281
4,10,5,0,0,0.217696097281
4,10,6,0,0,0.217696097281
4,10,7,0,0,0.297696097281
4,10,8,0,0,0.457696097281
4,10,9,0,0,0.697696097281
4,10,10,0,0,1.01769609728
5,0,0,0,0,1.3975
5,0,1,0,0,0.9975
5,0,2,0,0,0.6775
5,0,3,0,0,0.4375
5,0,4,0,0,0.2775
5,0,5,0,0,0.1975
5,0,6,0,0,0.1975
5,0,7,0,0,0.2775
5,0,8,0,0,0.4375
5,0,9,0,0,0.6775
5,0,10,0,0,0.9975
5,1,0,0,0,1.2375
5,1,1,0,0,0.8375
5,1,2,0,0,0.5175
5,1,3,0,0,0.2775
5,1,4,0,0,0.1175
5,1,5,0,0,0.0375
5,1,6,0,0,0.0375
5,1,7,0,0,0.1175
5,1,8,0,0,0.2775
5,1,9,0,0,0.5175
5,1,10,0,0,0.8375
5,2,0,0,0,1.1575
5,2,1,0,0,0.7575
5,2,2,0,0,0.4375
5,2,3,0,0,0.1975
5,2,4,0,0,0.0375
5,2,5,0,0,-0.0425
5,2,6,0,0,-0.0425
5,2,7,0,0,0.0375
5,2,8,0,0,0.1975
5,2,9,0,0,0.4375
5,2,10,0,0,0.7575
5,3,0,0,0,1.1575
5,3,1,0,0,0.7575
5,3,2,0,0,0.4375
5,3,3,0,0,0.1975
5,3,4,0,0,0.0375
5,3,5,0,0,-0.0425
5,3,6,0,0,-0.0425
5,3,7,0,0,0.0375
5,3,8,0,0,0.1975
5,3,9,0,0,0.4375
5,3,10,0,0,0.7575
5,4,0,0,0,1.2375
5,4,1,0,0,0.8375
5,4,2,0,0,0.5175
5,4,3,0,0,0.2775
5,4,4,0,0,0.1175
5,4,5,0,0,0.0375
5,4,6,0,0,0.0375
5,4,7,0,0,0.1175
5,4,8,0,0,0.2775
5,4,9,0,0,0.5175
5,4,10,0,0,0.8375
5,5,0,0,0,1.3975
5,5,1,0,0,0.9975
5,5,2,0,0,0.6775
5,5,3,0,0,0.4375
5,5,4,0,0,0.2775
5,5,5,0,0,0.1975
5,5,6,0,0,0.1975
5,5,7,0,0,0.2775
5,5,8,0,0,0.4375
5,5,9,0,0,0.6775
5,5,10,0,0,0.9975
5,6,0,0,0,1.2375
5,6,1,0,0,0.8375
5,6,2,0,0,0.5175
5,6,3,0,0,0.2775
5,6,4,0,0,0.1175
5,6,5,0,0,0.0375
5,6,6,0,0,0.0375
5,6,7,0,0,0.1175
5,6,8,0,0,0.2775
5,6,9,0,0,0.5175
5,6,10,0,0,0.8375
5,7,0,0,0,1.1575
5,7,1,0,0,0.7575
5,7,2,0,0,0.4375
5,7,3,0,0,0.1975
5,7,4,0,0,0.0375
5,7,5,0,0,-0.0425
5,7,6,0,0,-0.0425
5,7,7,0,0,0.0375
5,7,8,0,0,0.1975
5,7,9,0,0,0.4375
5,7,10,0,0,0.7575
5,8,0,0,0,1.1575
5,8,1,0,0,0.7575
5,8,2,0,0,0.4375
5,8,3,0,0,0.1975
5,8,4,0,0,0.0375
5,8,5,0,0,-0.0425
5,8,6,0,0,-0.0425
5,8,7,0,0,0.0375
5,8,8,0,0,0.1975
5,8,9,0,0,0.4375
5,8,10,0,0,0.7575
5,9,0,0,0,1.2375
5,9,1,0,0,0.8375
5,9,2,0,0,0.5175
5,9,3,0,0,0.2775
5,9,4,0,0,0.1175
5,9,5,0,0,0.0375
5,9,6,0,0,0.0375
5,9,7,0,0,0.1175
5,9,8,0,0,0.2775
5,9,9,0,0,0.5175
5,9,10,0,0,0.8375
5,10,0,0,0,1.3975
5,10,1,0,0,0.9975
5,10,2,0,0,0.6775
5,10,3,0,0,0.4375
5,10,4,0,0,0.2775
5,10,5,0,0,0.1975
5,10,6,0,0,0.1975
5,10,7,0,0,0.2775
5,10,8,0,0,0.4375
5,10,9,0,0,0.6775
5,10,10,0,0,0.9975
6,0,0,0,0,1.41769609728
6,0,1,0,0,1.01769609728
6,0,2,0,0,0.697696097281
6,0,3,0,0,0.457696097281
6,0,4,0,0,0.297696097281
6,0,5,0,0,0.217696097281
6,0,6,0,0,0.217696097281
6,0,7,0,0,0.297696097281
6,0,8,0,0,0.457696097281
6,0,9,0,0,0.697696097281
6,0,10,0,0,1.01769609728
6,1,0,0,0,1.25287887488
6,1,1,0,0,0.852878874876
6,1,2,0,0,0.532878874876
6,1,3,0,0,0.292878874876
6,1,4,0,0,0.132878874876
6,1,5,0,0,0.0528788748765
6,1,6,0,0,0.0528788748765
6,1,7,0,0,0.132878874876
6,1,8,0,0,0.292878874876
6,1,9,0,0,0.532878874876
6,1,10,0,0,0.852878874876
6,2,0,0,0,1.16504446797
6,2,1,0,0,0.765044467966
6,2,2,0,0,0.445044467966
6,2,3,0,0,0.205044467966
6,2,4,0,0,0.0450444679663
6,2,5,0,0,-0.0349555320337
6,2,6,0,0,-0.0349555320337
6,2,7,0,0,0.0450444679663
6,2,8,0,0,0.205044467966
6,2,9,0,0,0.445044467966
6,2,10,0,0,0.765044467966
6,3,0,0,0,1.1502864045
6,3,1,0,0,0.7502864045
6,3,2,0,0,0.4302864045
6,3,3,0,0,0.1902864045
6,3,4,0,0,0.0302864045
6,3,5,0,0,-0.0497135955
6,3,6,0,0,-0.0497135955
6,3,7,0,0,0.0302864045
6,3,8,0,0,0.1902864045
6,3,9,0,0,0.4302864045
6,3,10,0,0,0.7502864045
6,4,0,0,0,1.19465728753
6,4,1,0,0,0.794657287525
6,4,2,0,0,0.474657287525
6,4,3,0,0,0.234657287525
6,4,4,0,0,0.0746572875254
6,4,5,0,0,-0.00534271247462
6,4,6,0,0,-0.00534271247462
6,4,7,0,0,0.0746572875254
6,4,8,0,0,0.234657287525
6,4,9,0,0,0.474657287525
6,4,10,0,0,0.794657287525
6,5,0,0,0,1.2375
6,5,1,0,0,0.8375
6,5,2,0,0,0.5175
6,5,3,0,0,0.2775
6,5,4,0,0,0.1175
6,5,5,0,0,0.0375
6,5,6,0,0,0.0375
6,5,7,0,0,0.1175
6,5,8,0,0,0.2775
6,5,9,0,0,0.5175
6,5,10,0,0,0.8375
6,6,0,0,0,1.19465728753
6,6,1,0,0,0.794657287525
6,6,2,0,0,0.474657287525
6,6,3,0,0,0.234657287525
6,6,4,0,0,0.0746572875254
6,6,5,0,0,-0.00534271247462
6,6,6,0,0,-0.00534271247462
6,6,7,0,0,0.0746572875254
6,6,8,0,0,0.234657287525
6,6,9,0,0,0.474657287525
6,6,10,0,0,0.794657287525
6,7,0,0,0,1.1502864045
6,7,1,0,0,0.7502864045
6,7,2,0,0,0.4302864045
6,7,3,0,0,0.1902864045
6,7,4,0,0,0.0302864045
6,7,5,0,0,-0.0497135955
6,7,6,0,0,-0.0497135955
6,7,7,0,0,0.0302864045
6,7,8,0,0,0.1902864045
6,7,9,0,0,0.4302864045
6,7,10,0,0,0.7502864045
6,8,0,0,0,1.16504446797
6,8,1,0,0,0.765044467966
6,8,2,0,0,0.445044467966
6,8,3,0,0,0.205044467966
6,8,4,0,0,0.0450444679663
6,8,5,0,0,-0.0349555320337
6,8,6,0,0,-0.0349555320337
6,8,7,0,0,0.0450444679663
6,8,8,0,0,0.205044467966
6,8,9,0,0,0.445044467966
6,8,10,0,0,0.765044467966
6,9,0,0,0,1.25287887488
6,9,1,0,0,0.852878874876
6,9,2,0,0,0.532878874876
6,9,3,0,0,0.292878874876
6,9,4,0,0,0.132878874876
6,9,5,0,0,0.0528788748765
6,9,6,0,0,0.0528788748765
6,9,7,0,0,0.132878874876
6,9,8,0,0,0.292878874876
6,9,9,0,0,0.532878874876
6,9,10,0,0,0.852878874876
6,10,0,0,0,1.41769609728
6,10,1,0,0,1.01769609728
6,10,2,0,0,0.697696097281
6,10,3,0,0,0.457696097281
6,10,4,0,0,0.297696097281
6,10,5,0,0,0.217696097281
6,10,6,0,0,0.217696097281
6,10,7,0,0,0.297696097281
6,10,8,0,0,0.457696097281
6,10,9,0,0,0.697696097281
6,10,10,0,0,1.01769609728
7,0,0,0,0,1.48046703857
7,0,1,0,0,1.08046703857
7,0,2,0,0,0.760467038573
7,0,3,0,0,0.520467038573
7,0,4,0,0,0.360467038573
7,0,5,0,0,0.280467038573
7,0,6,0,0,0.280467038573
7,0,7,0,0,0.360467038573
7,0,8,0,0,0.520467038573
7,0,9,0,0,0.760467038573
7,0,10,0,0,1.08046703857
7,1,0,0,0,1.303072809
7,1,1,0,0,0.903072809
7,1,2,0,0,0.583072809
7,1,3,0,0,0.343072809
7,1,4,0,0,0.183072809
7,1,5,0,0,0.103072809
7,1,6,0,0,0.103072809
7,1,7,0,0,0.183072809
7,1,8,0,0,0.343072809
7,1,9,0,0,0.583072809
7,1,10,0,0,0.903072809
7,2,0,0,0,1.19638974491
7,2,1,0,0,0.796389744907
7,2,2,0,0,0.476389744907
7,2,3,0,0,0.236389744907
7,2,4,0,0,0.0763897449072
7,2,5,0,0,-0.0036102550928
7,2,6,0,0,-0.0036102550928
7,2,7,0,0,0.0763897449072
7,2,8,0,0,0.236389744907
7,2,9,0,0,0.476389744907
7,2,10,0,0,0.796389744907
7,3,0,0,0,1.15181457505
7,3,1,0,0,0.751814575051
7,3,2,0,0,0.431814575051
7,3,3,0,0,0.191814575051
7,3,4,0,0,0.0318145750508
7,3,5,0,0,-0.0481854249492
7,3,6,0,0,-0.0481854249492
7,3,7,0,0,0.0318145750508
7,3,8,0,0,0.191814575051
7,3,9,0,0,0.431814575051
7,3,10,0,0,0.751814575051
7,4,0,0,0,1.1502864045
7,4,1,0,0,0.7502864045
7,4,2,0,0,0.4302864045
7,4,3,0,0,0.1902864045
7,4,4,0,0,0.0302864045
7,4,5,0,0,-0.0497135955
7,4,6,0,0,-0.0497135955
7,4,7,0,0,0.0302864045
7,4,8,0,0,0.1902864045
7,4,9,0,0,0.4302864045
7,4,10,0,0,0.7502864045
7,5,0,0,0,1.1575
7,5,1,0,0,0.7575
7,5,2,0,0,0.4375
7,5,3,0,0,0.1975
7,5,4,0,0,0.0375
7,5,5,0,0,-0.0425
7,5,6,0,0,-0.0425
7,5,7,0,0,0.0375
7,5,8,0,0,0.1975
7,5,9,0,0,0.4375
7,5,10,0,0,0.7575
7,6,0,0,0,1.1502864045
7,6,1,0,0,0.7502864045
7,6,2,0,0,0.4302864045
7,6,3,0,0,0.1902864045
7,6,4,0,0,0.0302864045
7,6,5,0,0,-0.0497135955
7,6,6,0,0,-0.0497135955
7,6,7,0,0,0.0302864045
7,6,8,0,0,0.1902864045
7,6,9,0,0,0.4302864045
7,6,10,0,0,0.7502864045
7,7,0,0,0,1.15181457505
7,7,1,0,0,0.751814575051
7,7,2,0,0,0.431814575051
7,7,3,0,0,0.191814575051
7,7,4,0,0,0.0318145750508
7,7,5,0,0,-0.0481854249492
7,7,6,0,0,-0.0481854249492
7,7,7,0,0,0.0318145750508
7,7,8,0,0,0.191814575051
7,7,9,0,0,0.431814575051
7,7,10,0,0,0.751814575051
7,8,0,0,0,1.19638974491
7,8,1,0,0,0.796389744907
7,8,2,0,0,0.476389744907
7,8,3,0,0,0.236389744907
7,8,4,0,0,0.0763897449072
7,8,5,0,0,-0.0036102550928
7,8,6,0,0,-0.0036102550928
7,8,7,0,0,0.0763897449072
7,8,8,0,0,0.236389744907
7,8,9,0,0,0.476389744907
7,8,10,0,0,0.796389744907
7,9,0,0,0,1.303072809
7,9,1,0,0,0.903072809
7,9,2,0,0,0.583072809
7,9,3,0,0,0.343072809
7,9,4,0,0,0.183072809
7,9,5,0,0,0.103072809
7,9,6,0,0,0.103072809
7,9,7,0,0,0.183072809
7,9,8,0,0,0.343072809
7,9,9,0,0,0.583072809
7,9,10,0,0,0.903072809
7,10,0,0,0,1.48046703857
7,10,1,0,0,1.08046703857
7,10,2,0,0,0.760467038573
7,10,3,0,0,0.520467038573
7,10,4,0,0,0.360467038573
7,10,5,0,0,0.280467038573
7,10,6,0,0,0.280467038573
7,10,7,0,0,0.360467038573
7,10,8,0,0,0.520467038573
7,10,9,0,0,0.760467038573
7,10,10,0,0,1.08046703857
8,0,0,0,0,1.59130962103
8,0,1,0,0,1.19130962103
8,0,2,0,0,0.871309621031
8,0,3,0,0,0.631309621031
8,0,4,0,0,0.471309621031
8,0,5,0,0,0.391309621031
8,0,6,0,0,0.391309621031
8,0,7,0,0,0.471309621031
8,0,8,0,0,0.631309621031
8,0,9,0,0,0.871309621031
8,0,10,0,0,1.19130962103
8,1,0,0,0,1.3975
8,1,1,0,0,0.9975
8,1,2,0,0,0.6775
8,1,3,0,0,0.4375
8,1,4,0,0,0.2775
8,1,5,0,0,0.1975
8,1,6,0,0,0.1975
8,1,7,0,0,0.2775
8,1,8,0,0,0.4375
8,1,9,0,0,0.6775
8,1,10,0,0,0.9975
8,2,0,0,0,1.26897186258
8,2,1,0,0,0.868971862576
8,2,2,0,0,0.548971862576
8,2,3,0,0,0.308971862576
8,2,4,0,0,0.148971862576
8,2,5,0,0,0.0689718625761
8,2,6,0,0,0.0689718625761
8,2,7,0,0,0.148971862576
8,2,8,0,0,0.308971862576
8,2,9,0,0,0.548971862576
8,2,10,0,0,0.868971862576
8,3,0,0,0,1.19638974491
8,3,1,0,0,0.796389744907
8,3,2,0,0,0.476389744907
8,3,3,0,0,0.236389744907
8,3,4,0,0,0.0763897449072
8,3,5,0,0,-0.0036102550928
8,3,6,0,0,-0.0036102550928
8,3,7,0,0,0.0763897449072
8,3,8,0,0,0.236389744907
8,3,9,0,0,0.476389744907
8,3,10,0,0,0.796389744907
8,4,0,0,0,1.16504446797
8,4,1,0,0,0.765044467966
8,4,2,0,0,0.445044467966
8,4,3,0,0,0.205044467966
8,4,4,0,0,0.0450444679663
8,4,5,0,0,-0.0349555320337
8,4,6,0,0,-0.0349555320337
8,4,7,0,0,0.0450444679663
8,4,8,0,0,0.205044467966
8,4,9,0,0,0.445044467966
8,4,10,0,0,0.765044467966
8,5,0,0,0,1.1575
8,5,1,0,0,0.7575
8,5,2,0,0,0.4375
8,5,3,0,0,0.1975
8,5,4,0,0,0.0375
8,5,5,0,0,-0.0425
8,5,6,0,0,-0.0425
8,5,7,0,0,0.0375
8,5,8,0,0,0.1975
8,5,9,0,0,0.4375
8,5,10,0,0,0.7575
8,6,0,0,0,1.16504446797
8,6,1,0,0,0.765044467966
8,6,2,0,0,0.445044467966
8,6,3,0,0,0.205044467966
8,6,4,0,0,0.0450444679663
8,6,5,0,0,-0.0349555320337
8,6,6,0,0,-0.0349555320337
8,6,7,0,0,0.0450444679663
8,6,8,0,0,0.205044467966
8,6,9,0,0,0.445044467966
8,6,10,0,0,0.765044467966
8,7,0,0,0,1.19638974491
8,7,1,0,0,0.796389744907
8,7,2,0,0,0.476389744907
8,7,3,0,0,0.236389744907
8,7,4,0,0,0.0763897449072
8,7,5,0,0,-0.0036102550928
8,7,6,0,0,-0.0036102550928
8,7,7,0,0,0.0763897449072
8,7,8,0,0,0.236389744907
8,7,9,0,0,0.476389744907
8,7,10,0,0,0.796389744907
8,8,0,0,0,1.26897186258
8,8,1,0,0,0.868971862576
8,8,2,0,0,0.548971862576
8,8,3,0,0,0.308971862576
8,8,4,0,0,0.148971862576
8,8,5,0,0,0.0689718625761
8,8,6,0,0,0.0689718625761
8,8,7,0,0,0.148971862576
8,8,8,0,0,0.308971862576
8,8,9,0,0,0.548971862576
8,8,10,0,0,0.868971862576
8,9,0,0,0,1.3975
8,9,1,0,0,0.9975
8,9,2,0,0,0.6775
8,9,3,0,0,0.4375
8,9,4,0,0,0.2775
8,9,5,0,0,0.1975
8,9,6,0,0,0.1975
8,9,7,0,0,0.2775
8,9,8,0,0,0.4375
8,9,9,0,0,0.6775
8,9,10,0,0,0.9975
8,10,0,0,0,1.59130962103
8,10,1,0,0,1.19130962103
8,10,2,0,0,0.871309621031
8,10,3,0,0,0.631309621031
8,10,4,0,0,0.471309621031
8,10,5,0,0,0.391309621031
8,10,6,0,0,0.391309621031
8,10,7,0,0,0.471309621031
8,10,8,0,0,0.631309621031
8,10,9,0,0,0.871309621031
8,10,10,0,0,1.19130962103
9,0,0,0,0,1.75687515251
9,0,1,0,0,1.35687515251
9,0,2,0,0,1.03687515251
9,0,3,0,0,0.796875152513
9,0,4,0,0,0.636875152513
9,0,5,0,0,0.556875152513
9,0,6,0,0,0.556875152513
9,0,7,0,0,0.636875152513
9,0,8,0,0,0.796875152513
9,0,9,0,0,1.03687515251
9,0,10,0,0,1.35687515251
9,1,0,0,0,1.5461291501
9,1,1,0,0,1.1461291501
9,1,2,0,0,0.826129150102
9,1,3,0,0,0.586129150102
9,1,4,0,0,0.426129150102
9,1,5,0,0,0.346129150102
9,1,6,0,0,0.346129150102
9,1,7,0,0,0.426129150102
9,1,8,0,0,0.586129150102
9,1,9,0,0,0.826129150102
9,1,10,0,0,1.1461291501
9,2,0,0,0,1.3975
9,2,1,0,0,0.9975
9,2,2,0,0,0.6775
9,2,3,0,0,0.4375
9,2,4,0,0,0.2775
9,2,5,0,0,0.1975
9,2,6,0,0,0.1975
9,2,7,0,0,0.2775
9,2,8,0,0,0.4375
9,2,9,0,0,0.6775
9,2,10,0,0,0.9975
9,3,0,0,0,1.303072809
9,3,1,0,0,0.903072809
9,3,2,0,0,0.583072809
9,3,3,0,0,0.343072809
9,3,4,0,0,0.183072809
9,3,5,0,0,0.103072809
9,3,6,0,0,0.103072809
9,3,7,0,0,0.183072809
9,3,8,0,0,0.343072809
9,3,9,0,0,0.583072809
9,3,10,0,0,0.903072809
9,4,0,0,0,1.25287887488
9,4,1,0,0,0.852878874876
9,4,2,0,0,0.532878874876
9,4,3,0,0,0.292878874876
9,4,4,0,0,0.132878874876
9,4,5,0,0,0.0528788748765
9,4,6,0,0,0.0528788748765
9,4,7,0,0,0.132878874876
9,4,8,0,0,0.292878874876
9,4,9,0,0,0.532878874876
9,4,10,0,0,0.852878874876
9,5,0,0,0,1.2375
9,5,1,0,0,0.8375
9,5,2,0,0,0.5175
9,5,3,0,0,0.2775
9,5,4,0,0,0.1175
9,5,5,0,0,0.0375
9,5,6,0,0,0.0375
9,5,7,0,0,0.1175
9,5,8,0,0,0.2775
9,5,9,0,0,0.5175
9,5,10,0,0,0.8375
9,6,0,0,0,1.25287887488
9,6,1,0,0,0.852878874876
9,6,2,0,0,0.532878874876
9,6,3,0,0,0.292878874876
9,6,4,0,0,0.132878874876
9,6,5,0,0,0.0528788748765
9,6,6,0,0,0.0528788748765
9,6,7,0,0,0.132878874876
9,6,8,0,0,0.292878874876
9,6,9,0,0,0.532878874876
9,6,10,0,0,0.852878874876
9,7,0,0,0,1.303072809
9,7,1,0,0,0.903072809
9,7,2,0,0,0.583072809
9,7,3,0,0,0.343072809
9,7,4,0,0,0.183072809
9,7,5,0,0,0.103072809
9,7,6,0,0,0.103072809
9,7,7,0,0,0.183072809
9,7,8,0,0,0.343072809
9,7,9,0,0,0.583072809
9,7,10,0,0,0.903072809
9,8,0,0,0,1.3975
9,8,1,0,0,0.9975
9,8,2,0,0,0.6775
9,8,3,0,0,0.4375
9,8,4,0,0,0.2775
9,8,5,0,0,0.1975
9,8,6,0,0,0.1975
9,8,7,0,0,0.2775
9,8,8,0,0,0.4375
9,8,9,0,0,0.6775
9,8,10,0,0,0.9975
9,9,0,0,0,1.5461291501
9,9,1,0,0,1.1461291501
9,9,2,0,0,0.826129150102
9,9,3,0,0,0.586129150102
9,9,4,0,0,0.426129150102
9,9,5,0,0,0.346129150102
9,9,6,0,0,0.346129150102
9,9,7,0,0,0.426129150102
9,9,8,0,0,0.586129150102
9,9,9,0,0,0.826129150102
9,9,10,0,0,1.1461291501
9,10,0,0,0,1.75687515251
9,10,1,0,0,1.35687515251
9,10,2,0,0,1.03687515251
9,10,3,0,0,0.796875152513
9,10,4,0,0,0.636875152513
9,10,5,0,0,0.556875152513
9,10,6,0,0,0.556875152513
9,10,7,0,0,0.636875152513
9,10,8,0,0,0.796875152513
9,10,9,0,0,1.03687515251
9,10,10,0,0,1.35687515251
10,0,0,0,0,1.98328643763
10,0,1,0,0,1.58328643763
10,0,2,0,0,1.26328643763
10,0,3,0,0,1.02328643763
10,0,4,0,0,0.863286437627
10,0,5,0,0,0.783286437627
10,0,6,0,0,0.783286437627
10,0,7,0,0,0.863286437627
10,0,8,0,0,1.02328643763
10,0,9,0,0,1.26328643763
10,0,10,0,0,1.58328643763
10,1,0,0,0,1.75687515251
10,1,1,0,0,1.35687515251
10,1,2,0,0,1.03687515251
10,1,3,0,0,0.796875152513
10,1,4,0,0,0.636875152513
10,1,5,0,0,0.556875152513
10,1,6,0,0,0.556875152513
10,1,7,0,0,0.636875152513
10,1,8,0,0,0.796875152513
10,1,9,0,0,1.03687515251
10,1,10,0,0,1.35687515251
10,2,0,0,0,1.59130962103
10,2,1,0,0,1.19130962103
10,2,2,0,0,0.871309621031
10,2,3,0,0,0.631309621031
10,2,4,0,0,0.471309621031
10,2,5,0,0,0.391309621031
10,2,6,0,0,0.391309621031
10,2,7,0,0,0.471309621031
10,2,8,0,0,0.631309621031
10,2,9,0,0,0.871309621031
10,2,10,0,0,1.19130962103
10,3,0,0,0,1.48046703857
10,3,1,0,0,1.08046703857
10,3,2,0,0,0.760467038573
10,3,3,0,0,0.520467038573
10,3,4,0,0,0.360467038573
10,3,5,0,0,0.280467038573
10,3,6,0,0,0.280467038573
10,3,7,0,0,0.360467038573
10,3,8,0,0,0.520467038573
10,3,9,0,0,0.760467038573
10,3,10,0,0,1.08046703857
10,4,0,0,0,1.41769609728
10,4,1,0,0,1.01769609728
10,4,2,0,0,0.697696097281
10,4,3,0,0,0.457696097281
10,4,4,0,0,0.297696097281
10,4,5,0,0,0.217696097281
10,4,6,0,0,0.217696097281
10,4,7,0,0,0.297696097281
10,4,8,0,0,0.457696097281
10,4,9,0,0,0.697696097281
10,4,10,0,0,1.01769609728
10,5,0,0,0,1.3975
10,5,1,0,0,0.9975
10,5,2,0,0,0.6775
10,5,3,0,0,0.4375
10,5,4,0,0,0.2775
10,5,5,0,0,0.1975
10,5,6,0,0,0.1975
10,5,7,0,0,0.2775
10,5,8,0,0,0.4375
10,5,9,0,0,0.6775
10,5,10,0,0,0.9975
10,6,0,0,0,1.41769609728
10,6,1,0,0,1.01769609728
10,6,2,0,0,0.697696097281
10,6,3,0,0,0.457696097281
10,6,4,0,0,0.297696097281
10,6,5,0,0,0.217696097281
10,6,6,0,0,0.217696097281
10,6,7,0,0,0.297696097281
10,6,8,0,0,0.457696097281
10,6,9,0,0,0.697696097281
10,6,10,0,0,1.01769609728
10,7,0,0,0,1.48046703857
10,7,1,0,0,1.08046703857
10,7,2,0,0,0.760467038573
10,7,3,0,0,0.520467038573
10,7,4,0,0,0.360467038573
10,7,5,0,0,0.280467038573
10,7,6,0,0,0.280467038573
10,7,7,0,0,0.360467038573
10,7,8,0,0,0.520467038573
10,7,9,0,0,0.760467038573
10,7,10,0,0,1.08046703857
10,8,0,0,0,1.59130962103
10,8,1,0,0,1.19130962103
10,8,2,0,0,0.871309621031
10,8,3,0,0,0.631309621031
10,8,4,0,0,0.471309621031
10,8,5,0,0,0.391309621031
10,8,6,0,0,0.391309621031
10,8,7,0,0,0.471309621031
10,8,8,0,0,0.631309621031
10,8,9,0,0,0.871309621031
10,8,10,0,0,1.19130962103
10,9,0,0,0,1.75687515251
10,9,1,0,0,1.35687515251
10,9,2,0,0,1.03687515251
10,9,3,0,0,0.796875152513
10,9,4,0,0,0.636875152513
10,9,5,0,0,0.556875152513
10,9,6,0,0,0.556875152513
10,9,7,0,0,0.636875152513
10,9,8,0,0,0.796875152513
10,9,9,0,0,1.03687515251
10,9,10,0,0,1.35687515251
10,10,0,0,0,1.98328643763
10,10,1,0,0,1.58328643763
10,10,2,0,0,1.26328643763
10,10,3,0,0,1.02328643763
10,10,4,0,0,0.863286437627
10,10,5,0,0,0.783286437627
10,10,6,0,0,0.783286437627
10,10,7,0,0,0.863286437627
10,10,8,0,0,1.02328643763
10,10,9,0,0,1.26328643763
10,10,10,0,0,1.58328643763
